0 0.110546875 0.4578125 0.025 0.1234375
0 0.5796875 0.434375 0.00859375 0.04375
0 0.61953125 0.440625 0.01875 0.0921875
0 0.629296875 0.4453125 0.01796875 0.08984375
0 0.678515625 0.45234375 0.025 0.12421875
0 0.752734375 0.459375 0.038671875 0.18828125
0 0.79375 0.4734375 0.04609375 0.2265625
0 0.765234375 0.47890625 0.05234375 0.25703125
0 0.837109375 0.4765625 0.040625 0.19921875
0 0.81171875 0.46953125 0.044921875 0.21953125
0 0.889453125 0.46328125 0.0328125 0.159375
0 0.898828125 0.4640625 0.034765625 0.171875