0 0.54140625 0.4125 0.007421875 0.0359375
0 0.554296875 0.42890625 0.01015625 0.0515625
0 0.558984375 0.43046875 0.011328125 0.05546875
0 0.566796875 0.4171875 0.00703125 0.034375
0 0.601171875 0.41875 0.00703125 0.03515625
0 0.61640625 0.4328125 0.0109375 0.0546875
0 0.73203125 0.43671875 0.01796875 0.0875
0 0.434375 0.428125 0.019140625 0.0921875
0 0.413671875 0.43515625 0.0171875 0.08515625
0 0.398046875 0.4359375 0.017578125 0.0875
0 0.52265625 0.4390625 0.0140625 0.06953125
0 0.07109375 0.43984375 0.046875 0.23125