0 0.435546875 0.35234375 0.0109375 0.0546875
0 0.42890625 0.3578125 0.012109375 0.05859375
0 0.29140625 0.37578125 0.015234375 0.075
0 0.2734375 0.37578125 0.015625 0.0765625
0 0.2125 0.396875 0.02421875 0.12109375
0 0.187890625 0.40078125 0.021875 0.10859375
0 0.108203125 0.37578125 0.025 0.1234375
0 0.04140625 0.42265625 0.043359375 0.2140625
0 0.07734375 0.40859375 0.05078125 0.25078125
0 0.146484375 0.4953125 0.08984375 0.4390625
0 0.249609375 0.5015625 0.083984375 0.4125
0 0.33046875 0.475 0.08203125 0.4015625