0 0.741796875 0.4546875 0.008203125 0.040625
0 0.617578125 0.47109375 0.01484375 0.07109375
0 0.452734375 0.48671875 0.01875 0.09296875
0 0.498046875 0.4859375 0.01875 0.09296875
0 0.51484375 0.49140625 0.01796875 0.0890625
0 0.63828125 0.4828125 0.021484375 0.10625
0 0.633203125 0.48203125 0.023046875 0.1125
0 0.683203125 0.4765625 0.02421875 0.12109375
0 0.85078125 0.44453125 0.00546875 0.028125
0 0.901171875 0.43515625 0.003515625 0.01640625
0 0.9078125 0.43671875 0.00234375 0.0140625
0 0.574609375 0.5265625 0.06171875 0.303125
0 0.590625 0.52578125 0.06640625 0.3234375
0 0.175 0.5046875 0.074609375 0.365625
0 0.22109375 0.52265625 0.07578125 0.3703125
0 0.206640625 0.53671875 0.086328125 0.425
0 0.04375 0.47890625 0.0203125 0.10078125
0 0.0515625 0.478125 0.021484375 0.10625
0 0.025 0.5171875 0.05 0.490625
0 0.495703125 0.4859375 0.019921875 0.0984375
0 0.25390625 0.57109375 0.05390625 0.2640625
0 0.04609375 0.4796875 0.021875 0.10859375