0 0.2609375 0.440625 0.0125 0.06171875
0 0.25234375 0.4421875 0.0109375 0.05546875
0 0.24296875 0.44375 0.0109375 0.0546875
0 0.530859375 0.43515625 0.0125 0.06328125
0 0.554296875 0.42890625 0.01484375 0.0734375
0 0.74609375 0.425 0.01953125 0.096875
0 0.723046875 0.428125 0.019140625 0.09375
0 0.98671875 0.415625 0.02421875 0.125
0 0.12578125 0.46015625 0.013671875 0.06875
0 0.059375 0.44453125 0.003515625 0.01640625
0 0.0484375 0.44921875 0.0046875 0.02734375
0 0.233984375 0.4515625 0.01640625 0.0828125
0 0.314453125 0.44609375 0.015625 0.07890625
0 0.36640625 0.434375 0.00703125 0.034375
0 0.07265625 0.46015625 0.012109375 0.059375