0 0.18046875 0.41328125 0.01015625 0.05078125
0 0.1890625 0.4140625 0.01171875 0.05859375
0 0.1953125 0.40859375 0.01640625 0.08125
0 0.22265625 0.41484375 0.0125 0.06328125
0 0.20859375 0.41328125 0.0140625 0.0703125
0 0.264453125 0.415625 0.0171875 0.0859375
0 0.41171875 0.4265625 0.012109375 0.059375
0 0.4109375 0.428125 0.0109375 0.05390625
0 0.437109375 0.428125 0.011328125 0.0546875
0 0.44765625 0.42890625 0.0109375 0.05390625
0 0.4703125 0.43046875 0.011328125 0.05625
0 0.87578125 0.47265625 0.0546875 0.2671875
0 0.84453125 0.47421875 0.055078125 0.26875
0 0.891015625 0.4859375 0.05390625 0.2625
0 0.918359375 0.48515625 0.05546875 0.275