0 0.196875 0.46015625 0.03125 0.153125
0 0.247265625 0.46875 0.043359375 0.2125
0 0.255859375 0.46640625 0.04296875 0.21171875
0 0.221484375 0.47109375 0.042578125 0.21015625
0 0.15625 0.4640625 0.02265625 0.10859375
0 0.166796875 0.4625 0.023046875 0.11328125
0 0.187109375 0.47421875 0.042578125 0.2078125
0 0.32109375 0.465625 0.043359375 0.2140625
0 0.373828125 0.4625 0.023828125 0.1171875
0 0.059375 0.459375 0.01953125 0.096875
0 0.067578125 0.4625 0.01796875 0.0921875
0 0.102734375 0.4734375 0.042578125 0.2078125
0 0.044921875 0.4703125 0.0359375 0.178125
0 0.551171875 0.45 0.01875 0.08984375
0 0.538671875 0.4515625 0.023046875 0.11015625
0 0.56015625 0.45859375 0.0234375 0.11640625
0 0.58515625 0.4546875 0.02734375 0.13359375
0 0.619921875 0.4671875 0.039453125 0.1953125
0 0.66796875 0.4671875 0.041015625 0.2015625
0 0.697265625 0.4734375 0.03828125 0.1859375
0 0.6828125 0.4828125 0.0375 0.1859375
0 0.7546875 0.46015625 0.030859375 0.14921875
0 0.355859375 0.4640625 0.042578125 0.209375
0 0.9859375 0.4671875 0.0265625 0.2203125
0 0.484375 0.4875 0.056640625 0.27734375
0 0.56953125 0.4796875 0.0375 0.184375
0 0.0375 0.46015625 0.023046875 0.1125
0 0.301953125 0.4671875 0.0375 0.1859375
0 0.34765625 0.46640625 0.04375 0.215625
0 0.387890625 0.46015625 0.01015625 0.03125
0 0.433984375 0.459375 0.056640625 0.06953125
0 0.461328125 0.4671875 0.003125 0.00703125
0 0.46953125 0.5234375 0.008203125 0.0328125
0 0.50859375 0.4578125 0.0015625 0.0046875
0 0.54375 0.4828125 0.02578125 0.115625