0 0.32265625 0.4515625 0.00390625 0.0203125
0 0.559765625 0.4359375 0.011328125 0.05546875
0 0.284375 0.4546875 0.00390625 0.01875
0 0.546484375 0.43359375 0.01171875 0.05859375
0 0.17265625 0.459375 0.011328125 0.05625
0 0.165625 0.459375 0.0109375 0.05390625
0 0.15546875 0.45703125 0.01171875 0.05859375
0 0.143359375 0.459375 0.0140625 0.06953125
0 0.60078125 0.43828125 0.012109375 0.06171875
0 0.105859375 0.46171875 0.013671875 0.06953125
0 0.592578125 0.4359375 0.0140625 0.0703125
0 0.571484375 0.440625 0.01015625 0.053125
0 0.57734375 0.44140625 0.012109375 0.0609375
0 0.0109375 0.4625 0.01953125 0.0953125
0 0.52578125 0.44296875 0.012109375 0.06171875
0 0.503125 0.4421875 0.013671875 0.06640625
0 0.515234375 0.4421875 0.012109375 0.06171875
0 0.53828125 0.440625 0.013671875 0.06875
0 0.61875 0.4328125 0.0140625 0.07109375
0 0.586328125 0.4375 0.0125 0.0640625
0 0.55546875 0.44609375 0.011328125 0.0578125
0 0.534765625 0.4515625 0.01015625 0.05078125
0 0.5484375 0.4421875 0.01171875 0.0609375