0 0.5890625 0.4265625 0.01015625 0.053125
0 0.86796875 0.41328125 0.013671875 0.06640625
0 0.836328125 0.4203125 0.01640625 0.08203125
0 0.82109375 0.42265625 0.016015625 0.078125
0 0.82890625 0.43359375 0.021484375 0.1078125
0 0.79921875 0.43046875 0.02265625 0.1109375
0 0.6515625 0.41328125 0.008203125 0.040625
0 0.4546875 0.434375 0.012109375 0.0625
0 0.3 0.44296875 0.015625 0.07734375
0 0.634375 0.41953125 0.009765625 0.04765625
0 0.284375 0.4390625 0.0203125 0.103125
0 0.246875 0.44609375 0.02109375 0.10546875
0 0.209375 0.4484375 0.0203125 0.10078125
0 0.97890625 0.4 0.00546875 0.028125
0 0.094921875 0.44296875 0.027734375 0.1375
0 0.5265625 0.4875 0.034765625 0.16875
0 0.391015625 0.43671875 0.0140625 0.0703125
0 0.503125 0.4828125 0.03359375 0.16796875
0 0.9125 0.4046875 0.01015625 0.05390625
0 0.098046875 0.45234375 0.034375 0.16796875
0 0.98984375 0.39921875 0.00703125 0.02734375