0 0.0640625 0.46875 0.0046875 0.025
0 0.65234375 0.42109375 0.009765625 0.05078125
0 0.515234375 0.425 0.01171875 0.0578125
0 0.61171875 0.4046875 0.01640625 0.08125
0 0.0359375 0.45546875 0.01015625 0.05390625
0 0.0421875 0.45234375 0.011328125 0.05546875
0 0.094921875 0.45 0.01015625 0.05078125
0 0.434375 0.43984375 0.00703125 0.034375
0 0.4765625 0.428125 0.009765625 0.05
0 0.487890625 0.43046875 0.013671875 0.06875
0 0.505859375 0.42265625 0.013671875 0.0671875
0 0.5015625 0.41875 0.01875 0.090625
0 0.4984375 0.42265625 0.01640625 0.084375
0 0.52734375 0.4171875 0.01640625 0.084375
0 0.55234375 0.41015625 0.015234375 0.0765625
0 0.548046875 0.4203125 0.01796875 0.08984375
0 0.675 0.41171875 0.0328125 0.159375
0 0.57890625 0.4046875 0.015234375 0.07421875
0 0.58359375 0.4046875 0.013671875 0.06640625
0 0.57421875 0.4171875 0.021484375 0.10625
0 0.602734375 0.4078125 0.021875 0.11015625
0 0.59140625 0.41875 0.019921875 0.0984375