0 0.476953125 0.4671875 0.0125 0.0625
0 0.514453125 0.465625 0.0140625 0.06953125
0 0.505859375 0.4625 0.015625 0.075
0 0.496875 0.459375 0.019140625 0.09296875
0 0.5734375 0.4515625 0.02109375 0.1046875
0 0.531640625 0.4671875 0.01328125 0.065625
0 0.535546875 0.46953125 0.0125 0.06328125
0 0.52421875 0.46328125 0.015234375 0.075
0 0.46328125 0.46171875 0.01796875 0.090625
0 0.6078125 0.45 0.02421875 0.11875
0 0.619921875 0.46953125 0.0328125 0.1625
0 0.644921875 0.44296875 0.025390625 0.12578125
0 0.665625 0.46796875 0.033203125 0.16328125
0 0.6984375 0.46015625 0.03671875 0.17890625
0 0.7796875 0.4875 0.0796875 0.3890625
0 0.844140625 0.4890625 0.074609375 0.3671875
0 0.2875 0.4625 0.009765625 0.05078125
0 0.300390625 0.465625 0.009375 0.04609375
0 0.305859375 0.4703125 0.007421875 0.0375
0 0.312890625 0.45078125 0.025 0.121875
0 0.330859375 0.446875 0.019921875 0.1
0 0.340234375 0.4421875 0.02265625 0.1109375
0 0.35078125 0.4625 0.0125 0.06328125
0 0.36015625 0.46171875 0.015234375 0.07421875
0 0.414453125 0.43828125 0.02578125 0.125
0 0.3859375 0.44140625 0.03671875 0.18125
0 0.37109375 0.46953125 0.005859375 0.0421875
0 0.402734375 0.471875 0.00859375 0.04609375