0 0.323046875 0.403125 0.004296875 0.02265625
0 0.315625 0.40703125 0.00703125 0.0359375
0 0.320703125 0.409375 0.00703125 0.0328125
0 0.299609375 0.415625 0.009375 0.0453125
0 0.27734375 0.4265625 0.009765625 0.04765625
0 0.2 0.44453125 0.02578125 0.128125
0 0.208984375 0.4515625 0.02265625 0.11015625
0 0.004296875 0.44453125 0.008203125 0.08515625
0 0.5046875 0.415625 0.008203125 0.040625
0 0.655859375 0.44765625 0.025390625 0.12421875
0 0.32734375 0.40546875 0.00546875 0.02734375
0 0.461328125 0.4390625 0.0140625 0.06953125
0 0.33828125 0.39765625 0.005859375 0.01484375
0 0.363671875 0.378125 0.01015625 0.0109375