0 0.645703125 0.4125 0.008203125 0.0421875
0 0.6515625 0.4015625 0.009765625 0.0484375
0 0.76796875 0.39921875 0.01171875 0.059375
0 0.71171875 0.3953125 0.011328125 0.05546875
0 0.70625 0.39375 0.0125 0.06328125
0 0.71484375 0.4 0.0125 0.06328125
0 0.73359375 0.3984375 0.0125 0.0640625
0 0.73984375 0.39765625 0.0140625 0.0703125
0 0.698828125 0.40703125 0.01875 0.0921875
0 0.66796875 0.409375 0.017578125 0.0859375
0 0.6828125 0.4125 0.017578125 0.08671875
0 0.6625 0.41328125 0.017578125 0.0875
0 0.48125 0.42265625 0.026953125 0.13359375
0 0.492578125 0.42109375 0.02578125 0.12890625
0 0.506640625 0.41953125 0.026953125 0.13203125
0 0.501953125 0.425 0.0265625 0.13125
0 0.36953125 0.45234375 0.04140625 0.20390625
0 0.3984375 0.4515625 0.05078125 0.2484375
0 0.3484375 0.46015625 0.046875 0.23046875
0 0.2859375 0.4546875 0.05546875 0.27265625
0 0.22421875 0.49140625 0.0609375 0.30078125
0 0.989453125 0.4296875 0.019140625 0.178125
0 0.96015625 0.44453125 0.058203125 0.28515625