0 0.66796875 0.4359375 0.034375 0.16875
0 0.07265625 0.43828125 0.005859375 0.0296875
0 0.080859375 0.4375 0.00546875 0.02734375
0 0.094140625 0.43671875 0.0046875 0.0265625
0 0.164453125 0.43046875 0.00703125 0.0328125
0 0.219140625 0.4375 0.011328125 0.05625
0 0.22734375 0.43828125 0.011328125 0.05625
0 0.532421875 0.43828125 0.021875 0.10859375
0 0.515234375 0.43671875 0.02265625 0.1109375
0 0.6453125 0.44375 0.033203125 0.1640625
0 0.365625 0.4453125 0.019140625 0.0953125
0 0.868359375 0.43671875 0.0453125 0.2234375
0 0.899609375 0.4390625 0.038671875 0.1890625
0 0.912109375 0.44375 0.044921875 0.21953125
0 0.936328125 0.48046875 0.0296875 0.146875
0 0.28359375 0.44375 0.01484375 0.071875
0 0.012890625 0.44609375 0.009375 0.03203125