0 0.927734375 0.49453125 0.0421875 0.20625
0 0.9625 0.5125 0.03828125 0.1875
0 0.68203125 0.46484375 0.03515625 0.171875
0 0.098046875 0.4421875 0.021484375 0.10625
0 0.51484375 0.5296875 0.03671875 0.18046875
0 0.5390625 0.5078125 0.0546875 0.2671875
0 0.10703125 0.4984375 0.050390625 0.2453125
0 0.21796875 0.49453125 0.055078125 0.27265625
0 0.198046875 0.50625 0.055078125 0.271875
0 0.13125 0.5234375 0.044921875 0.2203125
0 0.4 0.4859375 0.03671875 0.1796875
0 0.376171875 0.5125 0.042578125 0.21015625
0 0.41953125 0.49296875 0.031640625 0.15703125
0 0.073828125 0.44375 0.02109375 0.1046875
0 0.30546875 0.4921875 0.052734375 0.2578125
0 0.3265625 0.48984375 0.051171875 0.25078125
0 0.0625 0.46015625 0.03515625 0.1734375
0 0.29453125 0.49296875 0.0546875 0.26875
0 0.142578125 0.49140625 0.0703125 0.34375
0 0.284375 0.4953125 0.066015625 0.32421875