0 0.7921875 0.434375 0.03046875 0.1484375
0 0.73359375 0.43125 0.02109375 0.1046875
0 0.75703125 0.4265625 0.0234375 0.1140625
0 0.859765625 0.45078125 0.035546875 0.1765625
0 0.835546875 0.4515625 0.037109375 0.1828125
0 0.696875 0.44375 0.015625 0.078125
0 0.699609375 0.45234375 0.0125 0.0640625
0 0.6625 0.4234375 0.0140625 0.07109375
0 0.676171875 0.428125 0.0203125 0.10078125
0 0.40390625 0.41171875 0.01640625 0.0828125
0 0.68046875 0.43046875 0.021484375 0.1078125
0 0.6453125 0.415625 0.012109375 0.059375
0 0.637109375 0.41796875 0.013671875 0.06875
0 0.6546875 0.415625 0.0140625 0.07109375
0 0.570703125 0.4453125 0.029296875 0.14453125
0 0.56015625 0.43828125 0.03359375 0.1671875
0 0.526171875 0.434375 0.030859375 0.153125
0 0.9859375 0.44375 0.02578125 0.17265625
0 0.949609375 0.45625 0.05078125 0.24921875
0 0.986328125 0.43671875 0.025390625 0.16875
0 0.812109375 0.4359375 0.031640625 0.15625