0 0.33671875 0.4359375 0.00546875 0.02734375
0 0.316015625 0.4390625 0.008203125 0.04296875
0 0.21796875 0.4421875 0.00625 0.03203125
0 0.211328125 0.440625 0.005859375 0.03203125
0 0.201953125 0.4390625 0.007421875 0.0375
0 0.19375 0.43828125 0.007421875 0.0375
0 0.162109375 0.43515625 0.00859375 0.0421875
0 0.155078125 0.4359375 0.008203125 0.040625
0 0.16640625 0.43671875 0.00859375 0.0453125
0 0.065625 0.43046875 0.009765625 0.0484375
0 0.07265625 0.428125 0.009375 0.0453125
0 0.0578125 0.4265625 0.0109375 0.05390625
0 0.050390625 0.428125 0.01015625 0.0515625