0 0.5875 0.4078125 0.0140625 0.06953125
0 0.584375 0.41015625 0.013671875 0.06640625
0 0.651953125 0.40078125 0.0140625 0.06953125
0 0.719921875 0.403125 0.021875 0.10859375
0 0.813671875 0.41875 0.035546875 0.175
0 0.922265625 0.41875 0.0515625 0.253125
0 0.008203125 0.4359375 0.016015625 0.1265625
0 0.094140625 0.43359375 0.01796875 0.0921875
0 0.101953125 0.42890625 0.019921875 0.1
0 0.150390625 0.43984375 0.034375 0.1671875
0 0.2296875 0.4390625 0.03515625 0.171875
0 0.187890625 0.42890625 0.039453125 0.19453125
0 0.307421875 0.4109375 0.026953125 0.13203125
0 0.283984375 0.4203125 0.02578125 0.128125
0 0.461328125 0.40078125 0.015234375 0.075
0 0.3953125 0.409375 0.02109375 0.103125
0 0.397265625 0.40859375 0.021875 0.10859375
0 0.03671875 0.446875 0.03515625 0.08515625
0 0.38203125 0.4203125 0.01328125 0.10546875
0 0.580078125 0.38671875 0.00859375 0.0390625