0 0.51171875 0.41171875 0.02734375 0.1359375
0 0.492578125 0.43203125 0.0421875 0.20625
0 0.44921875 0.41953125 0.0359375 0.1765625
0 0.46484375 0.46953125 0.0234375 0.1140625
0 0.480078125 0.4265625 0.041015625 0.20390625
0 0.4125 0.41015625 0.033203125 0.1640625
0 0.40390625 0.46328125 0.025390625 0.12421875
0 0.433203125 0.42578125 0.040625 0.19921875
0 0.628125 0.3984375 0.017578125 0.0859375
0 0.6375 0.41640625 0.025390625 0.12578125
0 0.616015625 0.42578125 0.023828125 0.1171875
0 0.57109375 0.41875 0.02578125 0.1265625
0 0.6484375 0.3625 0.013671875 0.034375