0 0.628125 0.43828125 0.008203125 0.0421875
0 0.618359375 0.4359375 0.008203125 0.04375
0 0.5578125 0.4421875 0.01015625 0.0515625
0 0.5078125 0.45 0.0109375 0.05390625
0 0.4671875 0.45078125 0.0125 0.06328125
0 0.421484375 0.45234375 0.013671875 0.0671875
0 0.2453125 0.46015625 0.012109375 0.0609375
0 0.2640625 0.4609375 0.015625 0.078125
0 0.25859375 0.46640625 0.023828125 0.11796875
0 0.22890625 0.46328125 0.019140625 0.09296875
0 0.81015625 0.4359375 0.0109375 0.05390625
0 0.796484375 0.4328125 0.01484375 0.071875
0 0.694921875 0.4484375 0.016015625 0.0796875
0 0.71015625 0.4484375 0.017578125 0.08671875
0 0.72734375 0.4453125 0.0203125 0.1
0 0.74375 0.44375 0.02265625 0.11015625
0 0.75859375 0.45234375 0.0203125 0.1
0 0.753125 0.4421875 0.026953125 0.1328125
0 0.78828125 0.4515625 0.0296875 0.146875
0 0.82109375 0.44453125 0.029296875 0.14453125
0 0.91171875 0.43046875 0.02421875 0.121875
0 0.8890625 0.4484375 0.04765625 0.23359375
0 0.965625 0.44375 0.05234375 0.25625
0 0.738671875 0.4609375 0.021484375 0.10546875
0 0.66796875 0.43828125 0.0078125 0.040625
0 0.45390625 0.4515625 0.0109375 0.05390625