0 0.74453125 0.43125 0.0140625 0.0703125
0 0.7328125 0.4375 0.01484375 0.07421875
0 0.7390625 0.4390625 0.0171875 0.084375
0 0.753125 0.44921875 0.021875 0.109375
0 0.801953125 0.43359375 0.023828125 0.11875
0 0.78203125 0.4421875 0.02578125 0.12578125
0 0.778515625 0.43671875 0.027734375 0.1375
0 0.71875 0.4515625 0.02421875 0.11875
0 0.809375 0.46015625 0.03359375 0.165625
0 0.875 0.45546875 0.041015625 0.20234375
0 0.91484375 0.45234375 0.0421875 0.2046875
0 0.980078125 0.5046875 0.03828125 0.36796875
0 0.5046875 0.43203125 0.009375 0.04765625
0 0.501953125 0.43515625 0.01171875 0.0578125
0 0.491015625 0.43359375 0.01328125 0.0640625
0 0.425390625 0.43046875 0.01796875 0.0875
0 0.4109375 0.4359375 0.015625 0.07734375
0 0.3609375 0.4359375 0.023828125 0.1171875
0 0.397265625 0.4421875 0.01796875 0.0875
0 0.306640625 0.43125 0.01875 0.0921875
0 0.322265625 0.42734375 0.021484375 0.10625
0 0.1734375 0.43125 0.0234375 0.11640625
0 0.230859375 0.4453125 0.03203125 0.1578125
0 0.08515625 0.43984375 0.035546875 0.175
0 0.14296875 0.45 0.04140625 0.2046875
0 0.58046875 0.43515625 0.008203125 0.0421875
0 0.20390625 0.434375 0.03828125 0.184375
0 0.5453125 0.42890625 0.011328125 0.05625
0 0.7 0.4375 0.0296875 0.0921875
0 0.745703125 0.46484375 0.004296875 0.025
0 0.74921875 0.403125 0.000390625 0.0015625
0 0.765234375 0.4390625 0.0125 0.0796875