0 0.52265625 0.40625 0.004296875 0.0234375
0 0.55703125 0.4265625 0.012109375 0.059375
0 0.554296875 0.42734375 0.01171875 0.059375
0 0.656640625 0.44140625 0.034765625 0.1703125
0 0.679296875 0.44765625 0.031640625 0.15546875
0 0.7140625 0.446875 0.03046875 0.14921875
0 0.76796875 0.4609375 0.016015625 0.0796875
0 0.75859375 0.42265625 0.03046875 0.14921875
0 0.75546875 0.44140625 0.033203125 0.1640625
0 0.78828125 0.440625 0.033203125 0.16328125
0 0.808203125 0.4296875 0.034375 0.16796875
0 0.087109375 0.4625 0.015234375 0.075