0 0.6625 0.446875 0.01796875 0.0890625
0 0.64609375 0.44921875 0.019140625 0.09375
0 0.630078125 0.44609375 0.016015625 0.0796875
0 0.637109375 0.45703125 0.023046875 0.1109375
0 0.7078125 0.45234375 0.01875 0.09453125
0 0.7171875 0.4515625 0.0203125 0.10234375
0 0.775390625 0.4984375 0.044921875 0.221875
0 0.50078125 0.43828125 0.009765625 0.05078125
0 0.3703125 0.4359375 0.015625 0.0765625
0 0.35546875 0.440625 0.02265625 0.1109375
0 0.02890625 0.4625 0.0578125 0.2984375
0 0.119921875 0.4578125 0.053125 0.259375
0 0.142578125 0.43828125 0.064453125 0.3171875
0 0.65546875 0.46328125 0.0328125 0.1609375
0 0.55625 0.440625 0.02578125 0.12578125
0 0.6 0.45625 0.052734375 0.2609375
0 0.471875 0.43125 0.0078125 0.03984375
0 0.32421875 0.4484375 0.03984375 0.196875