0 0.04140625 0.43671875 0.0140625 0.07109375
0 0.051171875 0.4421875 0.013671875 0.0671875
0 0.03359375 0.4421875 0.01796875 0.08984375
0 0.06015625 0.440625 0.0140625 0.071875
0 0.10390625 0.43828125 0.0125 0.0625
0 0.083984375 0.43515625 0.015625 0.07734375
0 0.117578125 0.440625 0.015625 0.07890625
0 0.1765625 0.440625 0.01328125 0.065625
0 0.303125 0.43125 0.00703125 0.0375
0 0.7921875 0.42265625 0.0265625 0.13203125
0 0.223828125 0.446875 0.009375 0.04609375
0 0.24375 0.4328125 0.012109375 0.0609375
0 0.57578125 0.4171875 0.009375 0.03515625