0 0.29140625 0.45 0.01875 0.0921875
0 0.27734375 0.4515625 0.01953125 0.0953125
0 0.0953125 0.46015625 0.0171875 0.0859375
0 0.081640625 0.4578125 0.01953125 0.0953125
0 0.18671875 0.45390625 0.01875 0.0890625
0 0.176171875 0.4703125 0.0234375 0.1140625
0 0.46171875 0.44453125 0.01640625 0.0828125
0 0.440234375 0.44140625 0.01796875 0.0921875
0 0.426171875 0.44609375 0.015625 0.078125
0 0.383203125 0.4484375 0.021875 0.109375
0 0.39765625 0.4484375 0.02265625 0.109375
0 0.406640625 0.453125 0.02265625 0.1109375
0 0.499609375 0.4421875 0.0171875 0.084375
0 0.812109375 0.4265625 0.026953125 0.13203125
0 0.860546875 0.4234375 0.025 0.12109375
0 0.97109375 0.41015625 0.01875 0.0921875
0 0.903125 0.415625 0.01640625 0.08203125
0 0.78203125 0.4390625 0.035546875 0.17578125
0 0.521484375 0.43515625 0.0203125 0.0671875
0 0.585546875 0.4203125 0.02890625 0.0515625
0 0.683984375 0.4375 0.159765625 0.11875