0 0.4828125 0.421875 0.009765625 0.05078125
0 0.40859375 0.41875 0.0109375 0.053125
0 0.111328125 0.4234375 0.028125 0.13984375
0 0.18046875 0.42890625 0.0265625 0.128125
0 0.143359375 0.42109375 0.02890625 0.14140625
0 0.153515625 0.45390625 0.019140625 0.09375
0 0.01328125 0.4390625 0.0265625 0.190625
0 0.070703125 0.44609375 0.0375 0.1859375
0 0.04453125 0.47734375 0.02578125 0.12890625
0 0.34453125 0.415625 0.0125 0.0625
0 0.353125 0.41484375 0.013671875 0.06875
0 0.722265625 0.4203125 0.00703125 0.034375
0 0.741015625 0.41953125 0.007421875 0.0359375
0 0.73359375 0.41953125 0.009375 0.04609375
0 0.751171875 0.42265625 0.009375 0.046875
0 0.75859375 0.428125 0.0140625 0.06953125
0 0.7640625 0.434375 0.0234375 0.1140625
0 0.79375 0.4328125 0.0359375 0.1765625
0 0.823828125 0.43828125 0.0328125 0.16015625
0 0.70390625 0.43125 0.01484375 0.0734375
0 0.602734375 0.4359375 0.019140625 0.09296875
0 0.4625 0.4109375 0.025390625 0.04609375
0 0.497265625 0.4203125 0.019921875 0.06171875
0 0.568359375 0.4109375 0.0046875 0.03125
0 0.578515625 0.41640625 0.005859375 0.03984375