0 0.525 0.35234375 0.01640625 0.08203125
0 0.51484375 0.35390625 0.0140625 0.06953125
0 0.54453125 0.35859375 0.01640625 0.08125
0 0.555078125 0.36171875 0.017578125 0.0890625
0 0.566796875 0.3671875 0.015234375 0.0765625
0 0.5890625 0.365625 0.015625 0.07734375
0 0.59921875 0.3546875 0.015234375 0.07421875
0 0.75859375 0.35625 0.0140625 0.06953125
0 0.771875 0.35 0.01328125 0.065625
0 0.781640625 0.3625 0.01640625 0.08125
0 0.789453125 0.36640625 0.015625 0.078125
0 0.1765625 0.35859375 0.0078125 0.040625
0 0.18828125 0.34765625 0.01640625 0.0796875
0 0.219140625 0.36953125 0.0140625 0.07109375
0 0.1453125 0.36953125 0.019140625 0.09296875
0 0.153515625 0.36796875 0.019921875 0.10078125
0 0.69296875 0.35859375 0.013671875 0.0671875
0 0.703515625 0.3625 0.017578125 0.0875
0 0.094140625 0.3828125 0.01875 0.0921875
0 0.04375 0.43671875 0.041015625 0.2
0 0.511328125 0.4484375 0.04609375 0.22578125
0 0.67265625 0.365625 0.015234375 0.0765625
0 0.694921875 0.3671875 0.015234375 0.0765625
0 0.7328125 0.3609375 0.015625 0.078125
0 0.72578125 0.365625 0.015625 0.07890625
0 0.705078125 0.3640625 0.013671875 0.06875
0 0.119921875 0.340625 0.008203125 0.046875
0 0.136328125 0.3390625 0.01484375 0.05625
0 0.164453125 0.3375 0.016015625 0.07421875