0 0.253125 0.4484375 0.009375 0.04765625
0 0.2609375 0.45390625 0.0078125 0.040625
0 0.26953125 0.4578125 0.0125 0.0625
0 0.223828125 0.4671875 0.01015625 0.053125
0 0.21015625 0.4671875 0.013671875 0.06875
0 0.216015625 0.465625 0.0140625 0.0703125
0 0.096875 0.49609375 0.027734375 0.13671875
0 0.01796875 0.50234375 0.030859375 0.153125
0 0.042578125 0.496875 0.033203125 0.1640625
0 0.470703125 0.434375 0.00859375 0.04375
0 0.526953125 0.42890625 0.01328125 0.0640625
0 0.538671875 0.43359375 0.01484375 0.071875
0 0.515234375 0.43046875 0.0125 0.0625
0 0.798046875 0.43515625 0.038671875 0.18828125
0 0.82109375 0.4296875 0.0375 0.18359375
0 0.657421875 0.446875 0.03359375 0.165625
0 0.24375 0.4484375 0.007421875 0.0390625
0 0.4265625 0.4546875 0.03359375 0.1671875