0 0.469921875 0.42109375 0.0171875 0.08515625
0 0.490625 0.4203125 0.017578125 0.0859375
0 0.47734375 0.4203125 0.01640625 0.0828125
0 0.443359375 0.42109375 0.015625 0.07734375
0 0.4328125 0.425 0.01484375 0.071875
0 0.425 0.4203125 0.016015625 0.08125
0 0.45625 0.4265625 0.01484375 0.0734375
0 0.42421875 0.4234375 0.01796875 0.0890625
0 0.58046875 0.42109375 0.01640625 0.0828125
0 0.7140625 0.4125 0.009375 0.0484375
0 0.3734375 0.42265625 0.0171875 0.08515625
0 0.366796875 0.42578125 0.015625 0.078125
0 0.609765625 0.4234375 0.01796875 0.090625