0 0.65625 0.409375 0.0078125 0.0390625
0 0.671484375 0.4140625 0.011328125 0.0546875
0 0.68203125 0.4125 0.0109375 0.05546875
0 0.68828125 0.41328125 0.015625 0.07734375
0 0.697265625 0.428125 0.009765625 0.05078125
0 0.7125 0.4125 0.012109375 0.059375
0 0.7171875 0.4125 0.01640625 0.08125
0 0.734765625 0.42890625 0.009765625 0.046875
0 0.803125 0.42890625 0.027734375 0.13671875
0 0.831640625 0.428125 0.027734375 0.13671875
0 0.613671875 0.41875 0.011328125 0.0546875
0 0.608984375 0.4171875 0.0125 0.06328125
0 0.0109375 0.453125 0.021484375 0.1265625
0 0.753515625 0.4125 0.023046875 0.11328125