0 0.070703125 0.471875 0.00859375 0.04609375
0 0.123828125 0.4671875 0.009375 0.04765625
0 0.176171875 0.4640625 0.0078125 0.040625
0 0.223828125 0.4578125 0.011328125 0.05625
0 0.22734375 0.46015625 0.0109375 0.05390625
0 0.30390625 0.45234375 0.00859375 0.04375
0 0.3328125 0.45078125 0.009375 0.04765625
0 0.50546875 0.44375 0.009375 0.04609375
0 0.49609375 0.45 0.0125 0.0625
0 0.483984375 0.45 0.01328125 0.065625
0 0.561328125 0.44609375 0.004296875 0.02265625
0 0.56484375 0.43984375 0.005859375 0.03203125
0 0.56953125 0.43828125 0.00546875 0.0296875
0 0.974609375 0.41875 0.01875 0.0921875
0 0.992578125 0.43671875 0.01328125 0.1203125
0 0.978125 0.4234375 0.02265625 0.11015625
0 0.946875 0.42109375 0.01796875 0.0921875
0 0.90078125 0.43828125 0.016015625 0.08203125
0 0.836328125 0.44609375 0.0140625 0.0703125
0 0.1515625 0.46875 0.00234375 0.0328125
0 0.1609375 0.4640625 0.011328125 0.0453125
0 0.27890625 0.45546875 0.02734375 0.05546875
0 0.351171875 0.45390625 0.009765625 0.03828125
0 0.5234375 0.44765625 0.0078125 0.02265625
0 0.53671875 0.44609375 0.01015625 0.02265625
0 0.54765625 0.44609375 0.009375 0.021875