0 0.3984375 0.48828125 0.003125 0.015625
0 0.394921875 0.48671875 0.003515625 0.01875
0 0.305859375 0.48125 0.008203125 0.040625
0 0.2484375 0.4890625 0.00625 0.03203125
0 0.241796875 0.490625 0.005859375 0.03125
0 0.109375 0.4703125 0.015625 0.07734375
0 0.076953125 0.471875 0.0171875 0.0828125
0 0.090625 0.46796875 0.0234375 0.115625
0 0.5640625 0.459375 0.009375 0.046875
0 0.640234375 0.446875 0.0125 0.06328125
0 0.687890625 0.4546875 0.023828125 0.11875
0 0.92421875 0.43046875 0.028125 0.13984375
0 0.230078125 0.46015625 0.01171875 0.05859375
0 0.219921875 0.46171875 0.011328125 0.05625
0 0.206640625 0.45859375 0.011328125 0.05546875
0 0.1828125 0.46484375 0.0109375 0.0546875
0 0.16953125 0.46953125 0.01171875 0.059375
0 0.163671875 0.4671875 0.01328125 0.065625
0 0.560546875 0.45546875 0.00859375 0.04609375
0 0.52578125 0.4625 0.0109375 0.05546875
0 0.573046875 0.45859375 0.01015625 0.0515625
0 0.82734375 0.4390625 0.029296875 0.14375
0 0.4625 0.48515625 0.01875 0.021875