0 0.4203125 0.43515625 0.00703125 0.0359375
0 0.4109375 0.43671875 0.00859375 0.0453125
0 0.436328125 0.4328125 0.01015625 0.05078125
0 0.44453125 0.4328125 0.009765625 0.046875
0 0.47421875 0.43125 0.009375 0.0453125
0 0.46171875 0.434375 0.009765625 0.04765625
0 0.466796875 0.4359375 0.00859375 0.0453125
0 0.453515625 0.434375 0.009765625 0.05
0 0.42734375 0.4390625 0.009765625 0.0484375
0 0.53125 0.43671875 0.015625 0.0765625
0 0.6125 0.4328125 0.013671875 0.06875
0 0.77578125 0.4265625 0.021875 0.10859375
0 0.666015625 0.4359375 0.01484375 0.0703125
0 0.65859375 0.43359375 0.0140625 0.071875
0 0.693359375 0.43046875 0.01875 0.0921875
0 0.7046875 0.434375 0.019140625 0.09453125
0 0.7375 0.4234375 0.02265625 0.1109375
0 0.725 0.4328125 0.01953125 0.09453125
0 0.233203125 0.44375 0.007421875 0.03828125
0 0.128125 0.459375 0.01484375 0.0734375
0 0.2828125 0.44140625 0.009375 0.046875
0 0.20546875 0.446875 0.03046875 0.0359375
0 0.323046875 0.42421875 0.02109375 0.0109375
0 0.589453125 0.4015625 0.025 0.015625