0 0.43125 0.4140625 0.005859375 0.03125
0 0.426953125 0.415625 0.00546875 0.02734375
0 0.418359375 0.415625 0.00546875 0.0265625
0 0.410546875 0.4234375 0.008203125 0.04375
0 0.4015625 0.4078125 0.005859375 0.0296875
0 0.3125 0.428125 0.00703125 0.03515625
0 0.304296875 0.43046875 0.00703125 0.0328125
0 0.575390625 0.4109375 0.009375 0.046875
0 0.587109375 0.4078125 0.009375 0.0484375
0 0.5921875 0.41484375 0.01484375 0.071875
0 0.599609375 0.4046875 0.009765625 0.0484375
0 0.38515625 0.42109375 0.00703125 0.034375
0 0.32421875 0.43125 0.005859375 0.0296875
0 0.3109375 0.4171875 0.008203125 0.0375
0 0.343359375 0.4078125 0.0109375 0.03125
0 0.39375 0.41484375 0.01015625 0.03515625
0 0.552734375 0.40390625 0.01171875 0.0359375