0 0.043359375 0.44453125 0.01015625 0.0515625
0 0.10234375 0.440625 0.0078125 0.03984375
0 0.112890625 0.44375 0.0078125 0.0390625
0 0.25859375 0.440625 0.029296875 0.1453125
0 0.137890625 0.459375 0.02890625 0.13984375
0 0.32578125 0.434375 0.012109375 0.0609375
0 0.55703125 0.434375 0.01484375 0.07421875
0 0.14765625 0.446875 0.0125 0.06328125
0 0.182421875 0.43828125 0.0171875 0.040625
0 0.487890625 0.41796875 0.008203125 0.009375
0 0.503125 0.42421875 0.01875 0.03203125
0 0.5328125 0.42890625 0.039453125 0.0546875