0 0.070703125 0.43828125 0.01484375 0.0734375
0 0.665625 0.4171875 0.017578125 0.0890625
0 0.763671875 0.4515625 0.0703125 0.34375
0 0.740234375 0.45859375 0.07109375 0.3484375
0 0.706640625 0.49375 0.11171875 0.54765625
0 0.910546875 0.45859375 0.072265625 0.3546875
0 0.9640625 0.4734375 0.06953125 0.33984375
0 0.823828125 0.478125 0.093359375 0.45703125
0 0.956640625 0.471875 0.0765625 0.37578125
0 0.552734375 0.4703125 0.06640625 0.325
0 0.4890625 0.49375 0.078125 0.3828125
0 0.40078125 0.49453125 0.066796875 0.32734375
0 0.632421875 0.43671875 0.054296875 0.265625