0 0.098046875 0.428125 0.00859375 0.0453125
0 0.1265625 0.428125 0.008203125 0.040625
0 0.223828125 0.434375 0.0140625 0.071875
0 0.215234375 0.440625 0.0125 0.06328125
0 0.14296875 0.43046875 0.00859375 0.0453125
0 0.103125 0.44375 0.0125 0.06328125
0 0.187890625 0.440625 0.01796875 0.08984375
0 0.176171875 0.44296875 0.01796875 0.090625
0 0.160546875 0.44453125 0.019140625 0.09453125
0 0.09140625 0.45078125 0.012109375 0.06171875
0 0.075 0.45234375 0.02578125 0.1265625
0 0.044921875 0.4421875 0.0125 0.0640625
0 0.037109375 0.4421875 0.0125 0.0625
0 0.025 0.446875 0.01171875 0.059375
0 0.03359375 0.48203125 0.03359375 0.16484375
0 0.312109375 0.4421875 0.019140625 0.09453125
0 0.294140625 0.4390625 0.019140625 0.09453125
0 0.35859375 0.428125 0.01328125 0.06640625
0 0.375 0.43125 0.01953125 0.0984375
0 0.36484375 0.44375 0.021484375 0.10625
0 0.40390625 0.43203125 0.01484375 0.0734375
0 0.396875 0.43671875 0.017578125 0.0890625
0 0.39296875 0.43828125 0.01796875 0.090625
0 0.38984375 0.434375 0.0203125 0.10078125
0 0.430859375 0.4515625 0.0140625 0.07109375
0 0.42421875 0.43828125 0.01953125 0.09765625
0 0.525 0.40390625 0.008203125 0.0421875
0 0.51953125 0.41015625 0.005859375 0.03125
0 0.528125 0.415625 0.009765625 0.0484375
0 0.522265625 0.4171875 0.009375 0.046875
0 0.53671875 0.41875 0.0125 0.0640625
0 0.55078125 0.4125 0.0109375 0.05390625
0 0.553125 0.4203125 0.01171875 0.0578125
0 0.558984375 0.421875 0.01171875 0.05859375
0 0.57734375 0.4171875 0.0109375 0.05390625
0 0.771875 0.44609375 0.035546875 0.1734375
0 0.978125 0.4625 0.04140625 0.36796875
0 0.7609375 0.44453125 0.0234375 0.11640625
0 0.11640625 0.4203125 0.007421875 0.0390625