0 0.181640625 0.44296875 0.025390625 0.12578125
0 0.158984375 0.43828125 0.02578125 0.12890625
0 0.13359375 0.4421875 0.029296875 0.14453125
0 0.03984375 0.48046875 0.064453125 0.31640625
0 0.584765625 0.4515625 0.01796875 0.090625
0 0.6140625 0.4515625 0.0171875 0.08671875
0 0.6078125 0.4546875 0.01640625 0.08203125
0 0.628515625 0.45390625 0.0171875 0.0859375
0 0.80078125 0.45390625 0.03828125 0.18671875
0 0.81484375 0.484375 0.05390625 0.2640625
0 0.86015625 0.465625 0.0671875 0.33125
0 0.191796875 0.45859375 0.03359375 0.16484375
0 0.394921875 0.434375 0.00703125 0.0359375
0 0.393359375 0.43828125 0.008203125 0.0421875
0 0.675390625 0.4578125 0.021875 0.109375