0 0.65703125 0.43046875 0.01171875 0.0578125
0 0.67890625 0.43828125 0.021875 0.10859375
0 0.7453125 0.434375 0.01953125 0.0953125
0 0.734765625 0.4359375 0.0234375 0.11640625
0 0.543359375 0.42734375 0.005859375 0.03046875
0 0.444140625 0.43125 0.012109375 0.0609375
0 0.4171875 0.42734375 0.0140625 0.06953125
0 0.410546875 0.43046875 0.0140625 0.07109375
0 0.371484375 0.4375 0.01875 0.0921875
0 0.35703125 0.4390625 0.01953125 0.09453125
0 0.35 0.4375 0.019921875 0.1
0 0.22734375 0.4484375 0.02890625 0.140625
0 0.9671875 0.45859375 0.058984375 0.28984375
0 0.89609375 0.46953125 0.05390625 0.26484375
0 0.51484375 0.4328125 0.0078125 0.03984375
0 0.528125 0.42890625 0.00859375 0.04375
0 0.710546875 0.4484375 0.041015625 0.19921875
0 0.379296875 0.43046875 0.01640625 0.08203125
0 0.773828125 0.45703125 0.05234375 0.2578125
0 0.472265625 0.41640625 0.0078125 0.01875
0 0.491015625 0.42890625 0.027734375 0.05546875
0 0.521875 0.42734375 0.00703125 0.03046875
0 0.53671875 0.428125 0.0078125 0.0296875