0 0.0453125 0.43359375 0.0265625 0.13125
0 0.15859375 0.41640625 0.01953125 0.09453125
0 0.33125 0.42109375 0.013671875 0.0703125
0 0.309375 0.425 0.0140625 0.06953125
0 0.312890625 0.4328125 0.01953125 0.09453125
0 0.338671875 0.44140625 0.02578125 0.1265625
0 0.37265625 0.41953125 0.01171875 0.059375
0 0.38515625 0.41953125 0.0140625 0.07109375
0 0.415625 0.4203125 0.012109375 0.059375
0 0.42109375 0.4171875 0.01328125 0.065625
0 0.70234375 0.43203125 0.025390625 0.12421875
0 0.44609375 0.42265625 0.0109375 0.0546875
0 0.461328125 0.4203125 0.01171875 0.059375
0 0.47421875 0.43125 0.017578125 0.08671875
0 0.494921875 0.42578125 0.01015625 0.053125
0 0.510546875 0.4265625 0.009375 0.04609375
0 0.483984375 0.4203125 0.01171875 0.05859375
0 0.475 0.4359375 0.01640625 0.084375
0 0.45546875 0.434375 0.017578125 0.0875
0 0.3578125 0.4234375 0.0203125 0.0609375
0 0.55546875 0.4234375 0.062109375 0.06328125
0 0.620703125 0.42578125 0.01796875 0.0609375