0 0.43828125 0.41484375 0.00546875 0.028125
0 0.3375 0.4109375 0.00859375 0.04296875
0 0.18984375 0.40078125 0.0078125 0.03984375
0 0.169140625 0.43125 0.02578125 0.1265625
0 0.1375 0.4203125 0.030859375 0.15234375
0 0.478125 0.4234375 0.00546875 0.028125
0 0.48359375 0.4203125 0.00625 0.03125
0 0.4875 0.42109375 0.00703125 0.03515625
0 0.493359375 0.41640625 0.008203125 0.0421875
0 0.54453125 0.43125 0.02734375 0.134375
0 0.546875 0.4421875 0.02734375 0.13671875
0 0.506640625 0.44296875 0.030859375 0.1515625
0 0.51953125 0.44453125 0.03125 0.153125
0 0.646875 0.41484375 0.021875 0.109375
0 0.566015625 0.42734375 0.009765625 0.05
0 0.7296875 0.425 0.03515625 0.17265625
0 0.8921875 0.4265625 0.030859375 0.14921875
0 0.94375 0.42890625 0.03671875 0.18125
0 0.433984375 0.41328125 0.00546875 0.0265625
0 0.38984375 0.41328125 0.01015625 0.03046875