0 0.355078125 0.43046875 0.015625 0.0765625
0 0.332421875 0.428125 0.01640625 0.08203125
0 0.21328125 0.43125 0.0171875 0.084375
0 0.31328125 0.4171875 0.015234375 0.075
0 0.2203125 0.428125 0.02265625 0.1109375
0 0.909375 0.43203125 0.0328125 0.1609375
0 0.8953125 0.42578125 0.0375 0.1859375
0 0.85703125 0.46953125 0.077734375 0.37890625
0 0.008203125 0.44375 0.01640625 0.1609375
0 0.039453125 0.4390625 0.035546875 0.1765625
0 0.9546875 0.4390625 0.03203125 0.16015625
0 0.277734375 0.42890625 0.0171875 0.084375
0 0.248828125 0.4171875 0.019140625 0.09296875