0 0.7140625 0.4125 0.009375 0.046875
0 0.704296875 0.4265625 0.01328125 0.0640625
0 0.78046875 0.44453125 0.026953125 0.13203125
0 0.75078125 0.44296875 0.03046875 0.14921875
0 0.848046875 0.434375 0.037109375 0.18046875
0 0.609765625 0.4234375 0.00859375 0.0453125
0 0.67109375 0.43203125 0.015625 0.07734375
0 0.514453125 0.44609375 0.011328125 0.05625
0 0.50703125 0.4328125 0.017578125 0.0859375
0 0.36953125 0.4109375 0.01328125 0.065625
0 0.358984375 0.409375 0.013671875 0.06640625
0 0.1796875 0.41328125 0.017578125 0.0859375
0 0.73984375 0.4453125 0.047265625 0.2328125
0 0.681640625 0.41640625 0.003125 0.0421875
0 0.691015625 0.4125 0.00546875 0.0515625