0 0.081640625 0.42890625 0.01484375 0.0734375
0 0.201953125 0.43046875 0.01015625 0.0515625
0 0.25703125 0.4265625 0.0109375 0.0546875
0 0.265234375 0.42421875 0.01171875 0.059375
0 0.310546875 0.4171875 0.00859375 0.0453125
0 0.466015625 0.409375 0.004296875 0.021875
0 0.523046875 0.403125 0.004296875 0.02265625
0 0.526953125 0.40546875 0.003515625 0.015625
0 0.636328125 0.40546875 0.01015625 0.05078125
0 0.687890625 0.40546875 0.017578125 0.0875
0 0.69453125 0.4234375 0.027734375 0.13671875
0 0.70390625 0.42890625 0.026953125 0.1328125
0 0.66640625 0.4203125 0.026953125 0.134375
0 0.675390625 0.4203125 0.027734375 0.1375
0 0.7546875 0.40390625 0.019921875 0.0984375
0 0.80546875 0.41171875 0.021484375 0.10625