0 0.14609375 0.46015625 0.01640625 0.0828125
0 0.16015625 0.4546875 0.021484375 0.10625
0 0.09609375 0.4546875 0.02109375 0.1046875
0 0.11796875 0.459375 0.019921875 0.0984375
0 0.48359375 0.4421875 0.01875 0.09296875
0 0.611328125 0.42109375 0.01171875 0.0609375
0 0.62890625 0.42265625 0.0125 0.0640625
0 0.772265625 0.4234375 0.01796875 0.090625
0 0.45859375 0.44296875 0.01796875 0.090625
0 0.451953125 0.4421875 0.019140625 0.09375
0 0.24921875 0.4484375 0.01953125 0.09765625
0 0.324609375 0.45234375 0.01796875 0.0890625
0 0.38125 0.45 0.016015625 0.0796875
0 0.40703125 0.44765625 0.034375 0.1671875
0 0.398828125 0.44765625 0.035546875 0.175
0 0.340625 0.4453125 0.02109375 0.103125