0 0.42109375 0.43046875 0.021484375 0.10625
0 0.408203125 0.43203125 0.01953125 0.0984375
0 0.4875 0.440625 0.01875 0.090625
0 0.569140625 0.440625 0.021875 0.109375
0 0.540234375 0.44453125 0.021875 0.11015625
0 0.371875 0.471875 0.03671875 0.18046875
0 0.36171875 0.4828125 0.03828125 0.1859375
0 0.47734375 0.48125 0.03125 0.1546875
0 0.649609375 0.46171875 0.0375 0.18671875
0 0.6515625 0.46171875 0.040625 0.19921875
0 0.75078125 0.43671875 0.05390625 0.2640625
0 0.47421875 0.4734375 0.03828125 0.18828125
0 0.3171875 0.45625 0.02734375 0.13671875