0 0.56796875 0.42109375 0.00625 0.03125
0 0.47578125 0.42265625 0.00703125 0.03515625
0 0.456640625 0.4171875 0.007421875 0.03515625
0 0.449609375 0.42421875 0.008203125 0.0421875
0 0.424609375 0.41953125 0.008203125 0.0421875
0 0.620703125 0.434375 0.011328125 0.0546875
0 0.62890625 0.434375 0.0125 0.06328125
0 0.63828125 0.4328125 0.011328125 0.05546875
0 0.648046875 0.43046875 0.0109375 0.05390625
0 0.69296875 0.43828125 0.01953125 0.096875
0 0.464453125 0.42109375 0.005859375 0.0296875
0 0.184375 0.446875 0.046484375 0.22734375