0 0.590234375 0.45625 0.015625 0.07734375
0 0.60078125 0.45625 0.015234375 0.075
0 0.3296875 0.4734375 0.026953125 0.13359375
0 0.308203125 0.47421875 0.0328125 0.159375
0 0.67890625 0.46875 0.03125 0.15234375
0 0.65546875 0.47109375 0.03125 0.153125
0 0.633203125 0.4640625 0.033203125 0.1625
0 0.24296875 0.47734375 0.0265625 0.13125
0 0.27890625 0.47578125 0.029296875 0.14375
0 0.272265625 0.4765625 0.0296875 0.14453125
0 0.230859375 0.47578125 0.02890625 0.140625
0 0.34140625 0.4828125 0.02734375 0.134375
0 0.364453125 0.465625 0.019921875 0.0984375