0 0.487890625 0.44296875 0.023828125 0.11796875
0 0.471484375 0.440625 0.026953125 0.1328125
0 0.6515625 0.4265625 0.025 0.1234375
0 0.75859375 0.43125 0.0171875 0.08515625
0 0.7859375 0.43046875 0.0265625 0.1296875
0 0.80703125 0.42890625 0.028125 0.1390625
0 0.88515625 0.43125 0.0203125 0.10078125
0 0.066015625 0.446875 0.05078125 0.246875
0 0.46015625 0.46953125 0.058203125 0.284375
0 0.521875 0.478125 0.05859375 0.2875
0 0.609765625 0.4359375 0.072265625 0.353125
0 0.616015625 0.4671875 0.0640625 0.3125
0 0.688671875 0.440625 0.078515625 0.384375
0 0.709375 0.5015625 0.090625 0.44375
0 0.73671875 0.4984375 0.10390625 0.50859375
0 0.8328125 0.5125 0.0921875 0.4515625
0 0.15 0.509375 0.13828125 0.675
0 0.943359375 0.4671875 0.109375 0.53515625