0 0.95 0.4203125 0.0140625 0.071875
0 0.737890625 0.45234375 0.034375 0.16796875
0 0.66953125 0.4390625 0.0390625 0.190625
0 0.684765625 0.446875 0.034765625 0.1703125
0 0.584375 0.45703125 0.031640625 0.1546875
0 0.5640625 0.459375 0.040625 0.1984375
0 0.13984375 0.4828125 0.0234375 0.11640625
0 0.0734375 0.484375 0.0265625 0.13125
0 0.783984375 0.45625 0.050390625 0.24609375
0 0.56171875 0.446875 0.0296875 0.146875
0 0.20546875 0.47578125 0.026953125 0.13359375
0 0.762890625 0.43125 0.035546875 0.175
0 0.857421875 0.43671875 0.0359375 0.178125
0 0.894140625 0.43046875 0.031640625 0.15546875
0 0.15 0.44453125 0.008203125 0.04609375
0 0.1609375 0.4421875 0.00703125 0.0453125
0 0.417578125 0.425 0.023046875 0.04609375