0 0.715234375 0.4234375 0.0140625 0.0703125
0 0.77890625 0.42109375 0.0125 0.0640625
0 0.7921875 0.415625 0.019921875 0.09765625
0 0.658203125 0.4265625 0.00859375 0.0453125
0 0.4984375 0.4296875 0.016015625 0.08203125
0 0.451171875 0.425 0.0265625 0.12890625
0 0.373828125 0.4328125 0.04453125 0.2171875
0 0.50859375 0.42734375 0.015625 0.07734375
0 0.3296875 0.4390625 0.0421875 0.2046875
0 0.728125 0.425 0.01328125 0.065625
0 0.734765625 0.42421875 0.015234375 0.075
0 0.402734375 0.4171875 0.015625 0.09453125
0 0.753515625 0.4234375 0.021484375 0.08203125
0 0.773046875 0.41640625 0.00625 0.090625