0 0.558984375 0.4 0.007421875 0.0359375
0 0.572265625 0.40234375 0.00703125 0.0328125
0 0.3546875 0.4078125 0.008203125 0.04296875
0 0.178125 0.41171875 0.021875 0.11015625
0 0.183984375 0.43671875 0.030859375 0.14921875
0 0.21796875 0.43828125 0.02890625 0.1421875
0 0.108984375 0.42890625 0.025 0.12109375
0 0.13515625 0.4390625 0.03203125 0.1578125
0 0.321875 0.434375 0.0234375 0.11640625
0 0.859765625 0.38125 0.03203125 0.16015625
0 0.936328125 0.375 0.031640625 0.15625
0 0.985546875 0.3890625 0.026953125 0.2640625
0 0.055078125 0.440625 0.030859375 0.15234375
0 0.373046875 0.521875 0.0984375 0.48359375
0 0.90546875 0.39765625 0.0703125 0.34453125
0 0.827734375 0.4015625 0.0640625 0.3125
0 0.75703125 0.45625 0.0703125 0.3453125