0 0.03125 0.4109375 0.021484375 0.10625
0 0.34296875 0.40546875 0.009375 0.046875
0 0.43515625 0.39921875 0.016015625 0.0796875
0 0.4171875 0.42578125 0.02578125 0.12890625
0 0.375390625 0.428125 0.04921875 0.2421875
0 0.961328125 0.41875 0.023828125 0.11875
0 0.143359375 0.39921875 0.019921875 0.0984375
0 0.890234375 0.434375 0.0296875 0.14765625
0 0.8703125 0.43125 0.026953125 0.13125
0 0.858203125 0.4546875 0.035546875 0.1734375
0 0.88359375 0.4421875 0.038671875 0.1890625
0 0.883203125 0.4796875 0.023828125 0.11875
0 0.91015625 0.44765625 0.037109375 0.1828125
0 0.13671875 0.4 0.0203125 0.10234375
0 0.165625 0.39453125 0.019140625 0.0953125
0 0.1609375 0.40078125 0.01953125 0.09453125
0 0.662890625 0.43046875 0.019140625 0.09453125
0 0.644140625 0.4265625 0.028125 0.1375
0 0.60625 0.43671875 0.02578125 0.12890625
0 0.612890625 0.44921875 0.030859375 0.15
0 0.51015625 0.4234375 0.02734375 0.1359375
0 0.49921875 0.44375 0.039453125 0.19453125
0 0.496875 0.4484375 0.04140625 0.20390625
0 0.46796875 0.4578125 0.04609375 0.22578125
0 0.5734375 0.44453125 0.0390625 0.19140625
0 0.69453125 0.4234375 0.025390625 0.12578125
0 0.6859375 0.4484375 0.034375 0.16796875
0 0.71640625 0.44453125 0.03671875 0.18046875
0 0.58671875 0.4375 0.044921875 0.21875
0 0.2640625 0.46875 0.05625 0.275
0 0.9890625 0.4203125 0.01953125 0.1046875
0 0.837109375 0.43828125 0.040625 0.2
0 0.20390625 0.46875 0.055078125 0.271875
0 0.526171875 0.45234375 0.0484375 0.2375
0 0.43203125 0.46171875 0.016015625 0.08125
0 0.40859375 0.44765625 0.04296875 0.21171875