0 0.712109375 0.428125 0.01796875 0.08984375
0 0.39375 0.4171875 0.011328125 0.05625
0 0.290234375 0.4109375 0.011328125 0.05625
0 0.280859375 0.41171875 0.012109375 0.059375
0 0.614453125 0.44453125 0.031640625 0.15625
0 0.95390625 0.50625 0.08984375 0.57734375
0 0.073828125 0.39765625 0.034375 0.0390625
0 0.097265625 0.39609375 0.005859375 0.03828125
0 0.13828125 0.3953125 0.073828125 0.0375
0 0.186328125 0.38984375 0.008203125 0.03515625
0 0.2234375 0.38828125 0.039453125 0.034375
0 0.35 0.39765625 0.054296875 0.0484375
0 0.445703125 0.38671875 0.028125 0.0296875
0 0.53046875 0.428125 0.123046875 0.10625
0 0.6609375 0.40859375 0.05 0.06171875
0 0.7375 0.39765625 0.02109375 0.05546875
0 0.77578125 0.39765625 0.01640625 0.0375
0 0.79375 0.39765625 0.011328125 0.046875
0 0.8265625 0.3921875 0.034375 0.04375