0 0.2703125 0.3921875 0.011328125 0.0546875
0 0.49375 0.39375 0.008203125 0.040625
0 0.50234375 0.4 0.01171875 0.0578125
0 0.48984375 0.4375 0.01953125 0.09765625
0 0.33046875 0.428125 0.0203125 0.103125
0 0.57421875 0.434375 0.0234375 0.11640625
0 0.5796875 0.43046875 0.025 0.12109375
0 0.512890625 0.43359375 0.021875 0.1078125
0 0.53359375 0.428125 0.02421875 0.12109375
0 0.542578125 0.434375 0.02109375 0.10546875
0 0.2046875 0.425 0.01953125 0.09765625
0 0.18203125 0.421875 0.021484375 0.1078125
0 0.09921875 0.41953125 0.019140625 0.09453125
0 0.449609375 0.43359375 0.03671875 0.1796875
0 0.425 0.4359375 0.033203125 0.16328125
0 0.433984375 0.459375 0.048828125 0.2390625
0 0.38828125 0.4359375 0.04296875 0.209375
0 0.35703125 0.46015625 0.0546875 0.26640625
0 0.402734375 0.4640625 0.047265625 0.23359375
0 0.371875 0.46015625 0.05625 0.275
0 0.3 0.4421875 0.06328125 0.3109375
0 0.252734375 0.44140625 0.0375 0.1859375
0 0.74296875 0.40078125 0.01796875 0.0265625
0 0.751171875 0.39921875 0.000390625 0.0046875