0 0.629296875 0.40390625 0.01484375 0.0734375
0 0.65234375 0.409375 0.013671875 0.0671875
0 0.75390625 0.41953125 0.01953125 0.096875
0 0.98046875 0.41953125 0.0203125 0.10078125
0 0.809765625 0.42890625 0.019921875 0.0984375
0 0.83359375 0.43515625 0.02734375 0.13359375
0 0.686328125 0.43125 0.023828125 0.11796875
0 0.721484375 0.43203125 0.026953125 0.13203125
0 0.241796875 0.43125 0.021875 0.109375
0 0.25703125 0.42578125 0.02265625 0.109375
0 0.276953125 0.440625 0.02734375 0.1359375
0 0.26640625 0.44765625 0.03125 0.15546875
0 0.287890625 0.44296875 0.027734375 0.1375
0 0.133203125 0.4515625 0.038671875 0.190625
0 0.15234375 0.46328125 0.03515625 0.17265625
0 0.1625 0.4859375 0.046875 0.23125
0 0.1046875 0.49921875 0.050390625 0.24609375
0 0.013671875 0.4421875 0.0234375 0.1140625
0 0.0578125 0.47734375 0.037109375 0.18046875
0 0.026171875 0.509375 0.046484375 0.22734375
0 0.297265625 0.44453125 0.0328125 0.16015625
0 0.17265625 0.528125 0.0171875 0.06171875
0 0.195703125 0.39765625 0.055078125 0.0765625
0 0.203515625 0.5234375 0.031640625 0.071875
0 0.226171875 0.52421875 0.00234375 0.034375
0 0.849609375 0.38203125 0.01640625 0.0234375
0 0.882421875 0.3734375 0.03046875 0.0296875