0 0.453515625 0.4140625 0.0078125 0.0390625
0 0.49921875 0.421875 0.0125 0.0625
0 0.4 0.4609375 0.01796875 0.0875
0 0.412109375 0.45859375 0.017578125 0.08671875
0 0.426171875 0.45859375 0.01953125 0.096875
0 0.525 0.42578125 0.01328125 0.0640625
0 0.5359375 0.428125 0.011328125 0.0578125
0 0.660546875 0.475 0.026953125 0.13203125
0 0.633203125 0.4703125 0.0296875 0.146875
0 0.8359375 0.46015625 0.052734375 0.25703125
0 0.4015625 0.4078125 0.013671875 0.02734375
0 0.4671875 0.4765625 0.047265625 0.1578125