0 0.059375 0.44453125 0.009765625 0.04765625
0 0.338671875 0.45703125 0.009375 0.046875
0 0.051953125 0.44296875 0.01015625 0.0515625
0 0.35 0.44765625 0.016015625 0.07890625
0 0.36015625 0.4453125 0.0171875 0.084375
0 0.42890625 0.4578125 0.0109375 0.05390625
0 0.47421875 0.4578125 0.009375 0.04375
0 0.558203125 0.465625 0.015625 0.078125
0 0.573828125 0.465625 0.01484375 0.07421875
0 0.516796875 0.45859375 0.01796875 0.0890625
0 0.50390625 0.4734375 0.0125 0.0625
0 0.7875 0.4703125 0.026953125 0.13359375
0 0.89453125 0.4828125 0.0390625 0.19375
0 0.930078125 0.46953125 0.04609375 0.2265625
0 0.09921875 0.43984375 0.01015625 0.0515625
0 0.11015625 0.4390625 0.011328125 0.05546875
0 0.148046875 0.44375 0.01015625 0.05078125
0 0.1609375 0.44296875 0.011328125 0.05546875
0 0.2390625 0.45625 0.009765625 0.05
0 0.233203125 0.45703125 0.01015625 0.053125
0 0.205859375 0.44609375 0.01328125 0.06328125
0 0.191015625 0.44140625 0.013671875 0.06875
0 0.173828125 0.44609375 0.00859375 0.04609375
0 0.448828125 0.4359375 0.0109375 0.0171875
0 0.492578125 0.4640625 0.01640625 0.05625