0 0.119921875 0.425 0.01796875 0.08984375
0 0.513671875 0.43125 0.01171875 0.05625
0 0.528125 0.43125 0.0125 0.0625
0 0.54140625 0.4328125 0.012109375 0.06171875
0 0.50625 0.43203125 0.01328125 0.0671875
0 0.4984375 0.43515625 0.0140625 0.06953125
0 0.490625 0.4328125 0.015234375 0.07421875
0 0.4546875 0.42265625 0.015625 0.07890625
0 0.459375 0.434375 0.015625 0.0765625
0 0.4734375 0.43125 0.016015625 0.08203125
0 0.448046875 0.43671875 0.02109375 0.103125
0 0.551171875 0.44375 0.021875 0.11015625
0 0.43203125 0.44765625 0.02421875 0.121875
0 0.392578125 0.4359375 0.02265625 0.1125
0 0.398046875 0.4421875 0.023828125 0.1171875
0 0.4125 0.4421875 0.0234375 0.1140625
0 0.414453125 0.4421875 0.0265625 0.13203125
0 0.347265625 0.44375 0.02421875 0.1203125
0 0.37109375 0.43828125 0.02265625 0.11015625
0 0.8078125 0.4640625 0.035546875 0.175
0 0.776953125 0.46171875 0.0375 0.1859375
0 0.2140625 0.43671875 0.0328125 0.1625
0 0.937109375 0.421875 0.01875 0.0921875
0 0.921484375 0.43984375 0.02578125 0.128125
0 0.944921875 0.47890625 0.03671875 0.18046875
0 0.55078125 0.46015625 0.017578125 0.0875
0 0.980859375 0.4546875 0.030859375 0.1515625
0 0.247265625 0.43359375 0.030859375 0.1390625
0 0.29296875 0.43671875 0.037109375 0.1390625
0 0.276953125 0.50625 0.003125 0.00078125
0 0.3640625 0.440625 0.037109375 0.153125
0 0.712109375 0.44765625 0.031640625 0.13359375