0 0.403125 0.41328125 0.011328125 0.05625
0 0.409375 0.4109375 0.0125 0.065625
0 0.422265625 0.41484375 0.0125 0.0640625
0 0.383984375 0.42265625 0.015234375 0.075
0 0.590625 0.41640625 0.00703125 0.034375
0 0.3609375 0.42421875 0.013671875 0.0671875
0 0.373828125 0.41875 0.016015625 0.0796875
0 0.26875 0.409375 0.015234375 0.0765625
0 0.250390625 0.4203125 0.017578125 0.08671875
0 0.7265625 0.41484375 0.01875 0.0921875
0 0.89140625 0.44296875 0.04375 0.215625
0 0.9328125 0.44453125 0.0421875 0.2078125
0 0.179296875 0.42265625 0.023828125 0.1171875
0 0.173828125 0.42109375 0.0265625 0.1296875
0 0.502734375 0.41640625 0.009375 0.04609375
0 0.29921875 0.428125 0.03515625 0.1734375
0 0.64140625 0.4171875 0.013671875 0.0671875