0 0.499609375 0.43671875 0.023828125 0.11796875
0 0.53046875 0.43671875 0.025390625 0.1265625
0 0.533984375 0.43125 0.027734375 0.1390625
0 0.69375 0.4328125 0.012109375 0.0625
0 0.66875 0.43828125 0.01796875 0.090625
0 0.641796875 0.4390625 0.01796875 0.0890625
0 0.621875 0.4359375 0.02109375 0.1046875
0 0.6359375 0.43125 0.0234375 0.11640625
0 0.9234375 0.4328125 0.02109375 0.103125
0 0.951171875 0.44296875 0.041015625 0.2
0 0.87109375 0.52265625 0.13203125 0.64375
0 0.74296875 0.5140625 0.10078125 0.49140625
0 0.5828125 0.540625 0.11875 0.58125
0 0.410546875 0.47265625 0.05859375 0.28515625
0 0.13203125 0.4296875 0.042578125 0.20703125
0 0.140625 0.43125 0.041015625 0.2015625
0 0.355859375 0.5359375 0.11328125 0.5546875
0 0.053125 0.51875 0.105859375 0.78515625
0 0.78359375 0.43046875 0.046875 0.23046875
0 0.191015625 0.534375 0.10234375 0.5015625