0 0.381640625 0.43125 0.0171875 0.0828125
0 0.57734375 0.4234375 0.013671875 0.0671875
0 0.33671875 0.4296875 0.017578125 0.0875
0 0.6375 0.43671875 0.016015625 0.08125
0 0.6453125 0.42578125 0.0234375 0.115625
0 0.665625 0.42890625 0.021875 0.10859375
0 0.727734375 0.4296875 0.039453125 0.1953125
0 0.737890625 0.43984375 0.044921875 0.21953125
0 0.862890625 0.434375 0.046484375 0.22734375
0 0.83046875 0.44296875 0.04609375 0.22734375
0 0.21171875 0.4484375 0.026953125 0.13203125
0 0.0359375 0.48515625 0.064453125 0.3171875
0 0.437890625 0.434375 0.021875 0.109375
0 0.426171875 0.3953125 0.017578125 0.01953125
0 0.466015625 0.4046875 0.04453125 0.0578125