0 0.49921875 0.4453125 0.015625 0.078125
0 0.774609375 0.43828125 0.015234375 0.0734375
0 0.79453125 0.44609375 0.0140625 0.06953125
0 0.819921875 0.43125 0.0140625 0.07109375
0 0.93203125 0.43125 0.019921875 0.10078125
0 0.946484375 0.43828125 0.0171875 0.08515625
0 0.99296875 0.434375 0.012109375 0.09453125
0 0.4671875 0.4359375 0.004296875 0.02265625
0 0.469140625 0.43671875 0.0046875 0.02421875
0 0.462109375 0.4359375 0.00546875 0.0265625
0 0.11015625 0.44765625 0.02421875 0.1203125
0 0.4796875 0.44296875 0.017578125 0.08671875
0 0.8171875 0.4421875 0.017578125 0.08671875
0 0.8234375 0.4421875 0.009765625 0.0484375
0 0.653125 0.4375 0.028125 0.0546875