0 0.480078125 0.4671875 0.0109375 0.05546875
0 0.3859375 0.47734375 0.009765625 0.04765625
0 0.37421875 0.4765625 0.00859375 0.0453125
0 0.223046875 0.45625 0.02109375 0.1046875
0 0.26171875 0.4625 0.01875 0.09296875
0 0.274609375 0.45625 0.023046875 0.11328125
0 0.696875 0.47578125 0.03984375 0.196875
0 0.686328125 0.48125 0.043359375 0.21171875
0 0.751953125 0.46484375 0.04609375 0.2265625
0 0.853125 0.478125 0.084375 0.4140625
0 0.8953125 0.553125 0.0546875 0.26875
0 0.800390625 0.50625 0.082421875 0.403125
0 0.773046875 0.51484375 0.08828125 0.43046875
0 0.308984375 0.48984375 0.0671875 0.33125
0 0.40390625 0.4875 0.005859375 0.03125