0 0.603515625 0.3921875 0.01171875 0.05859375
0 0.296484375 0.39921875 0.0078125 0.03984375
0 0.28359375 0.4015625 0.00625 0.034375
0 0.500390625 0.4171875 0.027734375 0.1390625
0 0.498046875 0.425 0.029296875 0.1453125
0 0.523828125 0.43125 0.03046875 0.1484375
0 0.484765625 0.4296875 0.0296875 0.146875
0 0.637890625 0.4171875 0.021875 0.10859375
0 0.77734375 0.40703125 0.01953125 0.09765625
0 0.80625 0.415625 0.0203125 0.10234375
0 0.16171875 0.43671875 0.023828125 0.11796875
0 0.150390625 0.4359375 0.02265625 0.11015625
0 0.1421875 0.42421875 0.029296875 0.1453125
0 0.1125 0.42890625 0.0265625 0.13125
0 0.1078125 0.42109375 0.0375 0.184375
0 0.671484375 0.43046875 0.027734375 0.1359375
0 0.645703125 0.4140625 0.031640625 0.15625