0 0.55546875 0.4296875 0.00625 0.0328125
0 0.56484375 0.428125 0.007421875 0.0375
0 0.57578125 0.4296875 0.009375 0.0453125
0 0.585546875 0.43125 0.011328125 0.0578125
0 0.445703125 0.4265625 0.007421875 0.0359375
0 0.435546875 0.428125 0.0078125 0.03828125
0 0.428125 0.4265625 0.00859375 0.04375
0 0.37109375 0.42890625 0.0125 0.0625
0 0.378125 0.43046875 0.0125 0.06328125
0 0.38515625 0.4265625 0.01484375 0.0734375
0 0.348828125 0.4328125 0.0140625 0.07109375
0 0.32890625 0.42734375 0.015234375 0.075
0 0.3390625 0.44140625 0.02109375 0.103125
0 0.320703125 0.428125 0.01484375 0.071875
0 0.635546875 0.434375 0.015234375 0.075
0 0.86875 0.4546875 0.03046875 0.14921875
0 0.9078125 0.45 0.0296875 0.1453125
0 0.922265625 0.44609375 0.030859375 0.15
0 0.903125 0.453125 0.034375 0.16796875
0 0.95546875 0.45703125 0.034765625 0.1703125
0 0.9890625 0.46796875 0.01953125 0.1890625
0 0.86015625 0.45390625 0.0375 0.184375
0 0.81328125 0.45546875 0.0359375 0.1765625
0 0.40625 0.4421875 0.01640625 0.0828125
0 0.39296875 0.4375 0.01796875 0.0875
0 0.617578125 0.4421875 0.033203125 0.16328125