0 0.440625 0.42265625 0.00859375 0.04296875
0 0.453515625 0.42265625 0.008203125 0.0421875
0 0.465625 0.4234375 0.0078125 0.03984375
0 0.48984375 0.4234375 0.01328125 0.06640625
0 0.5875 0.4171875 0.012109375 0.06171875
0 0.238671875 0.415625 0.02265625 0.1109375
0 0.251953125 0.4125 0.02421875 0.11796875
0 0.6578125 0.41875 0.017578125 0.0875
0 0.800390625 0.44609375 0.035546875 0.1734375
0 0.830078125 0.43828125 0.03828125 0.1859375
0 0.09140625 0.428125 0.025390625 0.1265625
0 0.009765625 0.4421875 0.01953125 0.1875
0 0.0484375 0.41640625 0.046875 0.2296875
0 0.4078125 0.41796875 0.007421875 0.0375
0 0.602734375 0.39140625 0.0171875 0.025
0 0.35703125 0.409375 0.0265625 0.07109375