0 0.571484375 0.42734375 0.01015625 0.0515625
0 0.570703125 0.42265625 0.004296875 0.02265625
0 0.6 0.44453125 0.0125 0.06328125
0 0.629296875 0.4390625 0.01015625 0.05390625
0 0.637109375 0.43125 0.008203125 0.04296875
0 0.76484375 0.43046875 0.01484375 0.0734375
0 0.80234375 0.425 0.0140625 0.06953125
0 0.66484375 0.47734375 0.0328125 0.16015625
0 0.682421875 0.47890625 0.031640625 0.15546875
0 0.843359375 0.43046875 0.03046875 0.14921875
0 0.957421875 0.453125 0.043359375 0.2125
0 0.0609375 0.50703125 0.065625 0.3203125
0 0.6125 0.45078125 0.017578125 0.0890625