0 0.23671875 0.4546875 0.008203125 0.0421875
0 0.2015625 0.45390625 0.00859375 0.04296875
0 0.1140625 0.465625 0.0109375 0.053125
0 0.676953125 0.42265625 0.011328125 0.0546875
0 0.6921875 0.41875 0.01328125 0.0671875
0 0.685546875 0.4171875 0.01484375 0.071875
0 0.70546875 0.42109375 0.017578125 0.08671875
0 0.721875 0.4171875 0.0171875 0.08671875
0 0.742578125 0.41640625 0.015234375 0.07734375
0 0.75625 0.41640625 0.019921875 0.0984375
0 0.76953125 0.4140625 0.017578125 0.0859375
0 0.79375 0.4203125 0.023828125 0.11796875
0 0.862890625 0.41875 0.030859375 0.1515625