0 0.46484375 0.45703125 0.02421875 0.11875
0 0.469140625 0.459375 0.023828125 0.11796875
0 0.490625 0.4625 0.019140625 0.0953125
0 0.5015625 0.45625 0.02734375 0.134375
0 0.56640625 0.44609375 0.021484375 0.1078125
0 0.554296875 0.4546875 0.025 0.12421875
0 0.593359375 0.45 0.02578125 0.1265625
0 0.5890625 0.45625 0.02421875 0.11875
0 0.7078125 0.44453125 0.0328125 0.159375
0 0.64765625 0.4515625 0.0234375 0.115625
0 0.91875 0.45625 0.02109375 0.1046875
0 0.765234375 0.45 0.03359375 0.16484375
0 0.233984375 0.47109375 0.026953125 0.1296875
0 0.20078125 0.459375 0.025390625 0.12578125
0 0.433203125 0.4578125 0.03125 0.15625
0 0.062109375 0.4734375 0.0171875 0.03984375
0 0.1453125 0.43828125 0.05234375 0.1078125
0 0.85078125 0.39140625 0.029296875 0.08203125
0 0.896875 0.47109375 0.05859375 0.21015625