0 0.53828125 0.4078125 0.0078125 0.0390625
0 0.6234375 0.409375 0.013671875 0.06875
0 0.63125 0.4125 0.0140625 0.06953125
0 0.6515625 0.40703125 0.01875 0.09296875
0 0.67109375 0.4078125 0.017578125 0.0890625
0 0.690625 0.41015625 0.015234375 0.07421875
0 0.73515625 0.4140625 0.02734375 0.134375
0 0.75703125 0.409375 0.02421875 0.12109375
0 0.20390625 0.42109375 0.02578125 0.128125
0 0.198828125 0.41328125 0.034375 0.16796875
0 0.098828125 0.4140625 0.039453125 0.19375
0 0.0140625 0.428125 0.028125 0.1921875
0 0.43671875 0.4046875 0.007421875 0.0375
0 0.39765625 0.41484375 0.0171875 0.0859375