0 0.4453125 0.4328125 0.01484375 0.0734375
0 0.51875 0.42265625 0.005859375 0.028125
0 0.509375 0.4234375 0.005859375 0.03046875
0 0.28671875 0.425 0.017578125 0.0875
0 0.4875 0.43828125 0.02890625 0.1421875
0 0.4953125 0.44921875 0.025 0.1234375
0 0.080078125 0.50625 0.10078125 0.4921875
0 0.05234375 0.51328125 0.1046875 0.5515625
0 0.95625 0.47265625 0.06796875 0.334375
0 0.5734375 0.45390625 0.04609375 0.225
0 0.419140625 0.4265625 0.015234375 0.075
0 0.260546875 0.42734375 0.019921875 0.096875
0 0.612890625 0.43125 0.0140625 0.06953125
0 0.965625 0.4734375 0.066796875 0.3703125