0 0.8328125 0.4078125 0.02109375 0.1046875
0 0.88671875 0.38984375 0.021484375 0.1078125
0 0.897265625 0.4171875 0.030859375 0.14921875
0 0.98671875 0.3921875 0.025 0.184375
0 0.94375 0.5140625 0.05703125 0.28046875
0 0.542578125 0.4296875 0.0296875 0.14453125
0 0.517578125 0.43515625 0.028125 0.13984375
0 0.46640625 0.434375 0.01171875 0.0609375
0 0.36875 0.4328125 0.01171875 0.059375
0 0.308984375 0.428125 0.016015625 0.08125
0 0.22578125 0.43046875 0.02265625 0.1109375
0 0.2484375 0.440625 0.040625 0.1984375