0 0.0359375 0.42578125 0.019921875 0.09765625
0 0.07109375 0.42421875 0.019140625 0.09296875
0 0.058203125 0.4234375 0.019140625 0.0953125
0 0.04921875 0.4234375 0.01875 0.09375
0 0.0734375 0.42734375 0.019140625 0.09296875
0 0.090625 0.42265625 0.01796875 0.08984375
0 0.366796875 0.38515625 0.00625 0.03203125
0 0.141015625 0.39453125 0.0046875 0.025
0 0.16171875 0.396875 0.00546875 0.028125
0 0.16875 0.396875 0.00546875 0.028125
0 0.176953125 0.39765625 0.004296875 0.02265625
0 0.373828125 0.38828125 0.00625 0.03203125
0 0.533984375 0.440625 0.046484375 0.228125
0 0.46953125 0.41953125 0.01484375 0.075