0 0.980078125 0.44296875 0.0375 0.29765625
0 0.853125 0.4609375 0.064453125 0.31640625
0 0.678125 0.4703125 0.0546875 0.2671875
0 0.6609375 0.465625 0.06875 0.3375
0 0.079296875 0.43125 0.023046875 0.1140625
0 0.41484375 0.4046875 0.012109375 0.06171875
0 0.4671875 0.4890625 0.058203125 0.2859375
0 0.40546875 0.4671875 0.06015625 0.29296875
0 0.35390625 0.4703125 0.08203125 0.4015625
0 0.21015625 0.4890625 0.090625 0.44453125
0 0.843359375 0.48359375 0.0765625 0.375
0 0.887890625 0.5140625 0.13125 0.64375
0 0.76875 0.46328125 0.0625 0.30546875
0 0.791015625 0.4703125 0.06953125 0.33984375
0 0.505078125 0.49609375 0.06875 0.3375
0 0.567578125 0.4703125 0.0875 0.428125