0 0.72421875 0.4109375 0.0171875 0.084375
0 0.7390625 0.4078125 0.01953125 0.0953125
0 0.498828125 0.3890625 0.008203125 0.0421875
0 0.46953125 0.39453125 0.009375 0.046875
0 0.359375 0.4109375 0.017578125 0.0859375
0 0.0203125 0.409375 0.015234375 0.07421875
0 0.2296875 0.403125 0.019921875 0.1
0 0.151171875 0.4109375 0.01796875 0.0890625
0 0.252734375 0.403125 0.01796875 0.08984375
0 0.253515625 0.41015625 0.016015625 0.0796875
0 0.2828125 0.40078125 0.01953125 0.096875
0 0.2765625 0.40703125 0.01953125 0.09765625
0 0.271875 0.40546875 0.019921875 0.09765625
0 0.289453125 0.403125 0.01796875 0.08984375
0 0.289453125 0.4046875 0.0203125 0.1
0 0.300390625 0.4046875 0.019921875 0.1
0 0.316015625 0.40625 0.01953125 0.09765625
0 0.316796875 0.4078125 0.019140625 0.09375
0 0.368359375 0.409375 0.01796875 0.0921875
0 0.372265625 0.40703125 0.019921875 0.0984375
0 0.19453125 0.41484375 0.01171875 0.0890625
0 0.33359375 0.40625 0.0265625 0.1