0 0.988671875 0.37109375 0.00859375 0.0453125
0 0.9359375 0.446875 0.058984375 0.2921875
0 0.8234375 0.48671875 0.073828125 0.36015625
0 0.8921875 0.509375 0.107421875 0.52421875
0 0.825390625 0.4859375 0.085546875 0.41875
0 0.865625 0.528125 0.113671875 0.5546875
0 0.6234375 0.45390625 0.0578125 0.2828125
0 0.68125 0.478125 0.06484375 0.31640625
0 0.63828125 0.4859375 0.07265625 0.35625
0 0.569921875 0.465625 0.0625 0.30625
0 0.60625 0.48515625 0.08359375 0.409375
0 0.669140625 0.54140625 0.109765625 0.5359375
0 0.73828125 0.5609375 0.12109375 0.59296875
0 0.468359375 0.4546875 0.065625 0.32109375
0 0.511328125 0.465625 0.069921875 0.3421875
0 0.469140625 0.4796875 0.08828125 0.4328125
0 0.422265625 0.4390625 0.058203125 0.284375
0 0.1609375 0.46953125 0.0578125 0.284375
0 0.37109375 0.459375 0.06953125 0.340625
0 0.43125 0.50078125 0.1171875 0.571875
0 0.144921875 0.45546875 0.06328125 0.309375
0 0.10703125 0.46796875 0.075 0.36875
0 0.0375 0.4734375 0.075 0.415625
0 0.18046875 0.50625 0.06875 0.3375
0 0.24609375 0.47265625 0.08984375 0.4375
0 0.213671875 0.490625 0.058203125 0.28515625