0 0.04765625 0.415625 0.03359375 0.165625
0 0.06640625 0.42265625 0.03125 0.15546875
0 0.676171875 0.46953125 0.06328125 0.3109375
0 0.718359375 0.5015625 0.083984375 0.4109375
0 0.353125 0.4875 0.0546875 0.26875
0 0.583984375 0.46796875 0.0625 0.3046875
0 0.426171875 0.4390625 0.05625 0.2765625
0 0.42578125 0.45078125 0.05390625 0.26484375
0 0.388671875 0.478125 0.052734375 0.2578125
0 0.45546875 0.459375 0.0765625 0.375
0 0.375390625 0.4734375 0.069921875 0.34296875
0 0.3484375 0.4671875 0.07578125 0.37109375
0 0.339453125 0.4859375 0.07265625 0.35625
0 0.3125 0.4875 0.083984375 0.4125
0 0.12421875 0.4609375 0.07109375 0.35
0 0.09921875 0.4953125 0.111328125 0.54296875
0 0.213671875 0.44453125 0.07265625 0.35625
0 0.207421875 0.4859375 0.087890625 0.43046875
0 0.214453125 0.5328125 0.10546875 0.51484375
0 0.486328125 0.4890625 0.0890625 0.434375
0 0.275390625 0.54765625 0.11796875 0.578125
0 0.508203125 0.49765625 0.1 0.4890625
0 0.465234375 0.5109375 0.10625 0.5203125
0 0.946875 0.4890625 0.1046875 0.5171875
0 0.838671875 0.45546875 0.058984375 0.28984375
0 0.853515625 0.48203125 0.072265625 0.35625