0 0.76328125 0.4234375 0.00390625 0.021875
0 0.8765625 0.42578125 0.00625 0.03125
0 0.780859375 0.425 0.004296875 0.02265625
0 0.004296875 0.4078125 0.00859375 0.075
0 0.562109375 0.421875 0.00859375 0.0453125
0 0.65625 0.43046875 0.037109375 0.1828125
0 0.66875 0.42578125 0.04609375 0.225
0 0.721875 0.42578125 0.03671875 0.1796875
0 0.9 0.425 0.007421875 0.0375
0 0.601171875 0.41953125 0.0125 0.06328125
0 0.91953125 0.42265625 0.008203125 0.04375
0 0.905078125 0.4234375 0.00625 0.03125
0 0.745703125 0.4234375 0.008203125 0.01640625