0 0.44765625 0.40703125 0.00546875 0.028125
0 0.437890625 0.41015625 0.0046875 0.02734375
0 0.3921875 0.40703125 0.007421875 0.0359375
0 0.3859375 0.40546875 0.008203125 0.0421875
0 0.3828125 0.4109375 0.00703125 0.0359375
0 0.37421875 0.41015625 0.008203125 0.040625
0 0.337109375 0.4171875 0.008203125 0.04296875
0 0.2984375 0.4171875 0.012109375 0.0625
0 0.284375 0.41484375 0.011328125 0.05859375
0 0.7390625 0.4375 0.03671875 0.1796875
0 0.58046875 0.40546875 0.007421875 0.03515625
0 0.594921875 0.40625 0.01015625 0.05078125
0 0.609765625 0.41875 0.01640625 0.0796875
0 0.628515625 0.41484375 0.015625 0.078125