0 0.32421875 0.4734375 0.01875 0.090625
0 0.342578125 0.465625 0.0171875 0.08515625
0 0.29140625 0.48359375 0.02421875 0.1203125
0 0.271875 0.484375 0.023828125 0.1171875
0 0.078515625 0.5140625 0.04375 0.21484375
0 0.1046875 0.51953125 0.04296875 0.2125
0 0.055078125 0.50859375 0.04921875 0.240625
0 0.14921875 0.5171875 0.044921875 0.21953125
0 0.6640625 0.47578125 0.03984375 0.1953125
0 0.671484375 0.47578125 0.047265625 0.23359375
0 0.676171875 0.48828125 0.05390625 0.26171875
0 0.73046875 0.44609375 0.03515625 0.171875
0 0.747265625 0.4421875 0.039453125 0.19609375
0 0.77265625 0.4484375 0.04140625 0.20390625
0 0.791796875 0.44609375 0.0453125 0.225
0 0.56484375 0.440625 0.01015625 0.053125
0 0.5734375 0.4421875 0.011328125 0.0546875
0 0.56953125 0.4453125 0.009765625 0.05078125