0 0.55859375 0.390625 0.005859375 0.03125
0 0.551953125 0.39296875 0.00546875 0.028125
0 0.587109375 0.39140625 0.00546875 0.0265625
0 0.301171875 0.4078125 0.009765625 0.0484375
0 0.539453125 0.3953125 0.0046875 0.0265625
0 0.54453125 0.3921875 0.00546875 0.0265625
0 0.535546875 0.39140625 0.00546875 0.028125
0 0.84609375 0.428125 0.027734375 0.13671875
0 0.473828125 0.3734375 0.004296875 0.02265625
0 0.496875 0.34921875 0.001953125 0.0109375
0 0.4875 0.35859375 0.003125 0.01484375
0 0.569921875 0.39375 0.0078125 0.0390625
0 0.5578125 0.4015625 0.001953125 0.00703125
0 0.56484375 0.39375 0.007421875 0.0328125
0 0.576953125 0.396875 0.009375 0.034375