0 0.605859375 0.465625 0.007421875 0.0359375
0 0.58125 0.46796875 0.00703125 0.0359375
0 0.57265625 0.4671875 0.0078125 0.040625
0 0.5671875 0.465625 0.00859375 0.04609375
0 0.562890625 0.46015625 0.01171875 0.0578125
0 0.53359375 0.4765625 0.015625 0.078125
0 0.50859375 0.46875 0.023046875 0.11328125
0 0.55 0.471875 0.01875 0.0921875
0 0.329296875 0.5125 0.069921875 0.3421875
0 0.5921875 0.47734375 0.017578125 0.0875
0 0.611328125 0.46796875 0.005859375 0.03046875
0 0.61796875 0.47890625 0.015234375 0.075
0 0.6703125 0.5015625 0.062890625 0.31171875
0 0.71015625 0.50078125 0.06015625 0.29296875
0 0.788671875 0.5109375 0.06328125 0.309375
0 0.637109375 0.4640625 0.01171875 0.05859375