0 0.075 0.44296875 0.01796875 0.0890625
0 0.0890625 0.440625 0.01796875 0.0875
0 0.058203125 0.453125 0.021484375 0.1078125
0 0.0359375 0.45 0.0203125 0.1
0 0.3703125 0.45390625 0.03125 0.153125
0 0.387109375 0.45 0.0375 0.18359375
0 0.41875 0.428125 0.0265625 0.12890625
0 0.42890625 0.41953125 0.029296875 0.14375
0 0.43671875 0.4265625 0.02890625 0.140625
0 0.447265625 0.4203125 0.03125 0.153125
0 0.6203125 0.4625 0.06171875 0.303125
0 0.5875 0.51796875 0.071875 0.35234375
0 0.63671875 0.5140625 0.08125 0.39765625