0 0.6921875 0.4328125 0.011328125 0.05625
0 0.726953125 0.4328125 0.01015625 0.0484375
0 0.733984375 0.4328125 0.01015625 0.05078125
0 0.865234375 0.4359375 0.0203125 0.1015625
0 0.885546875 0.440625 0.019140625 0.09375
0 0.18125 0.44765625 0.0140625 0.07109375
0 0.201171875 0.44609375 0.01484375 0.071875
0 0.40390625 0.44453125 0.0265625 0.09765625
0 0.614453125 0.4171875 0.00546875 0.0265625
0 0.628515625 0.41875 0.0171875 0.0234375
0 0.66953125 0.4140625 0.00859375 0.0328125
0 0.67734375 0.4140625 0.004296875 0.0328125
0 0.96953125 0.42578125 0.055078125 0.109375