0 0.4203125 0.51640625 0.0125 0.0640625
0 0.4640625 0.51015625 0.0125 0.06328125
0 0.9453125 0.48359375 0.0125 0.0625
0 0.5953125 0.50859375 0.009765625 0.0484375
0 0.60546875 0.509375 0.009765625 0.0484375
0 0.176171875 0.5140625 0.0140625 0.0703125
0 0.183984375 0.52109375 0.01484375 0.07109375
0 0.2 0.515625 0.01484375 0.071875
0 0.2859375 0.509375 0.013671875 0.06640625
0 0.89609375 0.46640625 0.0265625 0.1296875
0 0.874609375 0.47734375 0.02265625 0.1125
0 0.671484375 0.5171875 0.07578125 0.36875
0 0.547265625 0.54375 0.064453125 0.3171875
0 0.543359375 0.51484375 0.087890625 0.42890625
0 0.498828125 0.48125 0.031640625 0.0328125