0 0.2 0.51015625 0.01484375 0.0734375
0 0.19609375 0.51328125 0.013671875 0.06953125
0 0.337890625 0.50546875 0.0125 0.065625
0 0.287109375 0.50234375 0.0125 0.06328125
0 0.278125 0.50234375 0.0125 0.06328125
0 0.45859375 0.49453125 0.011328125 0.05546875
0 0.52109375 0.49375 0.009375 0.04765625
0 0.58125 0.4984375 0.0109375 0.0546875
0 0.676953125 0.49375 0.008203125 0.04296875
0 0.69296875 0.49375 0.00859375 0.0453125
0 0.616796875 0.4984375 0.01015625 0.0515625
0 0.750390625 0.48828125 0.01484375 0.071875
0 0.757421875 0.48984375 0.0125 0.06328125
0 0.91640625 0.46328125 0.023828125 0.11796875
0 0.871875 0.4671875 0.0234375 0.1171875
0 0.797265625 0.47890625 0.019921875 0.0984375
0 0.955078125 0.45546875 0.025390625 0.12421875
0 0.240625 0.50703125 0.01328125 0.06328125
0 0.332421875 0.503125 0.0125 0.06171875
0 0.553125 0.49921875 0.013671875 0.06953125
0 0.81484375 0.4828125 0.0140625 0.071875
0 0.497265625 0.47578125 0.0375 0.02734375