0 0.8421875 0.4171875 0.02265625 0.1109375
0 0.9578125 0.41875 0.025390625 0.12421875
0 0.882421875 0.40859375 0.023828125 0.1203125
0 0.86953125 0.40703125 0.02734375 0.1328125
0 0.909765625 0.4234375 0.0234375 0.1140625
0 0.8921875 0.41015625 0.028125 0.1390625
0 0.20234375 0.4484375 0.031640625 0.15625
0 0.15625 0.4421875 0.03125 0.153125
0 0.187109375 0.453125 0.03203125 0.1578125
0 0.1703125 0.4546875 0.030859375 0.15
0 0.006640625 0.4296875 0.01328125 0.0703125
0 0.218359375 0.3921875 0.023046875 0.05625