0 0.614453125 0.44140625 0.008203125 0.040625
0 0.523828125 0.4546875 0.021484375 0.10546875
0 0.55703125 0.4515625 0.0265625 0.1296875
0 0.68828125 0.44609375 0.0140625 0.0703125
0 0.683984375 0.45859375 0.0234375 0.11640625
0 0.773046875 0.45078125 0.023828125 0.11796875
0 0.788671875 0.45625 0.021875 0.1078125
0 0.805859375 0.4546875 0.021875 0.109375
0 0.89140625 0.45703125 0.0296875 0.146875
0 0.35703125 0.4359375 0.0421875 0.1359375
0 0.538671875 0.44921875 0.02734375 0.13125
0 0.555078125 0.49921875 0.007421875 0.034375