0 0.114453125 0.465625 0.012109375 0.06171875
0 0.130078125 0.4640625 0.0140625 0.06875
0 0.15078125 0.4609375 0.01328125 0.06640625
0 0.1625 0.46171875 0.0125 0.0625
0 0.286328125 0.446875 0.025 0.1234375
0 0.26640625 0.45625 0.028125 0.1390625
0 0.31484375 0.45390625 0.025 0.121875
0 0.3 0.465625 0.0265625 0.1296875
0 0.3640625 0.45625 0.027734375 0.13671875
0 0.38046875 0.45390625 0.02734375 0.1359375
0 0.51484375 0.43203125 0.013671875 0.0671875
0 0.565625 0.42890625 0.01640625 0.084375
0 0.60625 0.42109375 0.0140625 0.06953125
0 0.9734375 0.4328125 0.05078125 0.4234375
0 0.9171875 0.465625 0.08046875 0.39375
0 0.33828125 0.4515625 0.027734375 0.1375