0 0.521484375 0.4421875 0.0046875 0.02421875
0 0.488671875 0.4390625 0.005859375 0.0296875
0 0.48125 0.43671875 0.00703125 0.03515625
0 0.477734375 0.43984375 0.007421875 0.0359375
0 0.465234375 0.440625 0.00703125 0.03515625
0 0.28984375 0.4390625 0.01640625 0.08203125
0 0.83671875 0.446875 0.02421875 0.12109375
0 0.910546875 0.45390625 0.0265625 0.1296875
0 0.8234375 0.46796875 0.050390625 0.246875
0 0.89140625 0.47421875 0.04296875 0.21015625
0 0.984375 0.46953125 0.029296875 0.2015625
0 0.528125 0.43984375 0.003515625 0.0203125
0 0.545703125 0.43984375 0.00546875 0.0265625
0 0.65859375 0.46015625 0.025390625 0.1265625
0 0.6828125 0.48203125 0.02578125 0.128125
0 0.537109375 0.440625 0.0078125 0.02265625
0 0.671484375 0.42265625 0.003125 0.0078125
0 0.676171875 0.44765625 0.000390625 0.003125
0 0.704296875 0.4390625 0.023046875 0.0515625
0 0.712109375 0.47734375 0.003515625 0.0109375
0 0.715234375 0.47578125 0.00078125 0.0078125
0 0.72578125 0.43984375 0.00625 0.05
0 0.725 0.478125 0.003515625 0.0140625