0 0.13046875 0.4171875 0.016015625 0.0796875
0 0.47890625 0.4296875 0.019921875 0.1
0 0.5 0.4484375 0.0125 0.06328125
0 0.53359375 0.428125 0.0140625 0.0703125
0 0.54375 0.43125 0.01328125 0.0671875
0 0.516796875 0.428125 0.02109375 0.103125
0 0.648828125 0.4453125 0.03671875 0.1796875
0 0.680078125 0.4546875 0.034765625 0.17109375
0 0.850390625 0.44453125 0.02578125 0.1265625
0 0.86015625 0.43984375 0.026953125 0.13203125
0 0.961328125 0.43984375 0.03203125 0.15703125
0 0.951953125 0.44453125 0.0296875 0.1484375
0 0.43984375 0.45 0.030859375 0.153125