0 0.692578125 0.42734375 0.00546875 0.028125
0 0.540625 0.4328125 0.00625 0.0328125
0 0.593359375 0.428125 0.007421875 0.03828125
0 0.709375 0.4234375 0.0078125 0.03828125
0 0.7203125 0.42265625 0.00625 0.03125
0 0.7609375 0.42109375 0.015234375 0.0765625
0 0.75078125 0.425 0.016015625 0.07890625
0 0.785546875 0.43046875 0.00546875 0.028125
0 0.953515625 0.4109375 0.0140625 0.0703125
0 0.93984375 0.409375 0.0203125 0.10078125
0 0.928125 0.409375 0.021875 0.10625
0 0.1703125 0.453125 0.025390625 0.125
0 0.646875 0.434375 0.02109375 0.103125
0 0.739453125 0.43046875 0.019921875 0.0984375
0 0.60234375 0.4421875 0.003515625 0.01953125
0 0.61015625 0.43359375 0.00625 0.0390625