0 0.21953125 0.4390625 0.040625 0.1984375
0 0.590234375 0.44296875 0.0078125 0.03984375
0 0.5609375 0.45390625 0.00625 0.03203125
0 0.68984375 0.4484375 0.009375 0.04609375
0 0.68515625 0.45078125 0.0109375 0.05546875
0 0.680078125 0.44921875 0.01171875 0.0609375
0 0.7640625 0.459375 0.027734375 0.1390625
0 0.741015625 0.459375 0.027734375 0.1390625
0 0.278515625 0.4421875 0.02109375 0.10234375
0 0.261328125 0.4515625 0.0234375 0.11640625
0 0.375 0.49375 0.029296875 0.1453125
0 0.358203125 0.465625 0.042578125 0.2078125
0 0.66640625 0.465625 0.009765625 0.028125