0 0.4 0.4171875 0.00546875 0.0265625
0 0.391015625 0.4171875 0.005859375 0.028125
0 0.475 0.41875 0.003515625 0.01953125
0 0.47890625 0.4171875 0.004296875 0.0234375
0 0.91953125 0.38359375 0.013671875 0.06875
0 0.566015625 0.41328125 0.019921875 0.0984375
0 0.315625 0.41640625 0.011328125 0.05546875
0 0.322265625 0.41328125 0.0125 0.06328125
0 0.35 0.4171875 0.013671875 0.0671875
0 0.3296875 0.42109375 0.017578125 0.0875
0 0.289453125 0.41796875 0.01875 0.0921875
0 0.307421875 0.4234375 0.01796875 0.08984375
0 0.28671875 0.428125 0.0234375 0.11640625
0 0.21796875 0.45859375 0.019921875 0.10078125
0 0.180859375 0.43046875 0.0328125 0.1609375
0 0.074609375 0.446875 0.05 0.2453125