0 0.22421875 0.44453125 0.011328125 0.05625
0 0.215625 0.4421875 0.01640625 0.08203125
0 0.280859375 0.43515625 0.01171875 0.059375
0 0.446484375 0.43203125 0.008203125 0.0421875
0 0.5140625 0.440625 0.00859375 0.04375
0 0.523046875 0.4359375 0.0109375 0.0546875
0 0.54609375 0.4359375 0.00859375 0.0453125
0 0.5375 0.43125 0.0109375 0.05390625
0 0.6109375 0.4375 0.01015625 0.05078125
0 0.558203125 0.45390625 0.044921875 0.2203125
0 0.5796875 0.46953125 0.041015625 0.203125
0 0.57421875 0.4765625 0.03984375 0.196875
0 0.95859375 0.4359375 0.007421875 0.0375
0 0.925390625 0.446875 0.0265625 0.13125
0 0.901953125 0.44296875 0.0265625 0.1296875
0 0.8609375 0.45859375 0.026953125 0.13359375
0 0.870703125 0.44921875 0.033203125 0.1640625
0 0.831640625 0.45390625 0.03828125 0.1875
0 0.773046875 0.44609375 0.028125 0.140625
0 0.6515625 0.4546875 0.029296875 0.1421875
0 0.66953125 0.45078125 0.03046875 0.1515625
0 0.691015625 0.446875 0.0328125 0.1609375
0 0.679296875 0.4484375 0.03125 0.1546875
0 0.70625 0.44609375 0.034375 0.1703125
0 0.69453125 0.44921875 0.03671875 0.1796875
0 0.750390625 0.45234375 0.03359375 0.165625
0 0.721875 0.45703125 0.0375 0.18359375
0 0.78671875 0.446875 0.034375 0.1671875
0 0.923828125 0.446875 0.03984375 0.19609375
0 0.1203125 0.4265625 0.019140625 0.04296875
0 0.16015625 0.42890625 0.046875 0.0515625
0 0.309765625 0.43515625 0.047265625 0.059375
0 0.430078125 0.43359375 0.0109375 0.0484375
0 0.487890625 0.43671875 0.004296875 0.04375
0 0.736328125 0.3875 0.017578125 0.03984375
0 0.7359375 0.4828125 0.016015625 0.0875
0 0.795703125 0.53125 0.00234375 0.0015625
0 0.81015625 0.45625 0.029296875 0.16875
0 0.978125 0.43671875 0.0109375 0.0375