0 0.41484375 0.42109375 0.00390625 0.0203125
0 0.409765625 0.421875 0.0046875 0.025
0 0.405859375 0.421875 0.00546875 0.025
0 0.38984375 0.42578125 0.00625 0.03125
0 0.376953125 0.42578125 0.005859375 0.03125
0 0.394140625 0.42109375 0.008203125 0.04296875
0 0.323046875 0.4421875 0.012109375 0.06171875
0 0.302734375 0.42890625 0.015625 0.078125
0 0.2859375 0.4171875 0.01875 0.09296875
0 0.21640625 0.41953125 0.01796875 0.090625
0 0.23984375 0.42109375 0.019140625 0.09453125
0 0.056640625 0.440625 0.034375 0.16875
0 0.0140625 0.43046875 0.028125 0.18046875
0 0.5296875 0.42890625 0.01328125 0.0640625
0 0.54609375 0.44296875 0.00625 0.034375
0 0.712109375 0.44140625 0.03359375 0.165625
0 0.77421875 0.5171875 0.023046875 0.1109375
0 0.873046875 0.45234375 0.0703125 0.3453125
0 0.44375 0.4265625 0.0140625 0.0296875
0 0.6703125 0.41796875 0.04609375 0.046875
0 0.75234375 0.4265625 0.0421875 0.046875
0 0.78203125 0.4234375 0.00078125 0.009375
0 0.805078125 0.434375 0.01875 0.08984375
0 0.833984375 0.40546875 0.015625 0.06328125