0 0.387109375 0.4078125 0.00625 0.0328125
0 0.395703125 0.40546875 0.00625 0.03125
0 0.655859375 0.4078125 0.008203125 0.0421875
0 0.652734375 0.40625 0.009375 0.046875
0 0.67890625 0.428125 0.011328125 0.05546875
0 0.669921875 0.434375 0.013671875 0.0671875
0 0.50703125 0.44375 0.02109375 0.103125
0 0.507421875 0.4484375 0.019140625 0.09375
0 0.525390625 0.43984375 0.021484375 0.10625
0 0.5296875 0.45625 0.01640625 0.08203125
0 0.52890625 0.4625 0.015625 0.078125
0 0.4765625 0.4578125 0.017578125 0.08671875
0 0.491796875 0.44609375 0.021484375 0.10859375
0 0.459765625 0.45078125 0.02109375 0.1046875
0 0.44609375 0.475 0.012109375 0.06171875
0 0.572265625 0.4359375 0.025390625 0.12421875
0 0.58828125 0.4359375 0.009375 0.046875