0 0.378125 0.44609375 0.009765625 0.04765625
0 0.366015625 0.44765625 0.011328125 0.0578125
0 0.352734375 0.45703125 0.027734375 0.13671875
0 0.30234375 0.46875 0.03203125 0.16015625
0 0.273828125 0.4578125 0.034375 0.16796875
0 0.426953125 0.44609375 0.015234375 0.0765625
0 0.44765625 0.43671875 0.01796875 0.090625
0 0.4640625 0.44375 0.01640625 0.0796875
0 0.637109375 0.44140625 0.021875 0.109375
0 0.6515625 0.4671875 0.034765625 0.16875
0 0.523046875 0.4296875 0.0234375 0.0453125
0 0.676171875 0.46484375 0.026953125 0.103125
0 0.7015625 0.45234375 0.01171875 0.0609375