0 0.620703125 0.38515625 0.009765625 0.05
0 0.659765625 0.3765625 0.008203125 0.040625
0 0.6625 0.38359375 0.009765625 0.05
0 0.669140625 0.38203125 0.012109375 0.0625
0 0.655859375 0.38671875 0.015625 0.078125
0 0.67109375 0.384375 0.0140625 0.0703125
0 0.6890625 0.38203125 0.01171875 0.059375
0 0.715625 0.38359375 0.0140625 0.07109375
0 0.705859375 0.3890625 0.0171875 0.0859375
0 0.726171875 0.38125 0.01640625 0.08125
0 0.78125 0.371875 0.01484375 0.071875
0 0.83359375 0.37734375 0.026953125 0.13203125
0 0.91953125 0.38984375 0.0328125 0.1625
0 0.750390625 0.38984375 0.0328125 0.16015625
0 0.75390625 0.4125 0.0359375 0.178125
0 0.734765625 0.43046875 0.02734375 0.13671875
0 0.744921875 0.4359375 0.027734375 0.1375
0 0.983984375 0.41953125 0.0296875 0.23359375
0 0.246875 0.40625 0.0078125 0.040625
0 0.158984375 0.41875 0.01015625 0.05
0 0.702734375 0.403125 0.030859375 0.15234375
0 0.168359375 0.4171875 0.0140625 0.06875
0 0.59453125 0.39921875 0.021484375 0.10546875
0 0.565625 0.40859375 0.025 0.12421875