0 0.025 0.43125 0.0234375 0.11640625
0 0.047265625 0.4203125 0.01875 0.09296875
0 0.160546875 0.4171875 0.01171875 0.05859375
0 0.380859375 0.3984375 0.0125 0.0640625
0 0.416796875 0.39609375 0.009375 0.04609375
0 0.42734375 0.39453125 0.01015625 0.05078125
0 0.543359375 0.3796875 0.009375 0.04609375
0 0.62109375 0.37109375 0.0078125 0.0390625
0 0.628515625 0.3703125 0.00859375 0.0453125
0 0.6375 0.36953125 0.009375 0.04609375
0 0.67265625 0.36796875 0.0078125 0.040625
0 0.68359375 0.36875 0.0078125 0.040625
0 0.691796875 0.36796875 0.008203125 0.040625
0 0.703125 0.35078125 0.0046875 0.00859375
0 0.709765625 0.35078125 0.00234375 0.0078125