0 0.029296875 0.05390625 0.0046875 0.02421875
0 0.122265625 0.20390625 0.008203125 0.04375
0 0.651953125 0.3859375 0.004296875 0.02421875
0 0.696875 0.403125 0.008203125 0.04296875
0 0.53203125 0.3984375 0.003515625 0.0171875
0 0.456640625 0.4046875 0.00703125 0.03515625
0 0.437890625 0.40703125 0.00625 0.03125
0 0.42421875 0.4046875 0.00546875 0.028125
0 0.162109375 0.31796875 0.00859375 0.04375
0 0.20859375 0.28046875 0.008203125 0.040625
0 0.22109375 0.27578125 0.009375 0.04765625
0 0.230859375 0.28046875 0.007421875 0.0375
0 0.23828125 0.2796875 0.0078125 0.0390625
0 0.246484375 0.278125 0.00859375 0.04609375
0 0.213671875 0.28125 0.009375 0.046875
0 0.217578125 0.2875 0.007421875 0.03828125
0 0.20390625 0.30546875 0.009765625 0.04765625
0 0.191796875 0.30859375 0.008203125 0.04296875
0 0.70390625 0.26015625 0.008203125 0.0421875
0 0.709375 0.259375 0.008203125 0.04296875
0 0.675 0.2640625 0.008203125 0.0421875
0 0.648828125 0.2640625 0.0078125 0.03828125
0 0.632421875 0.2625 0.008203125 0.0421875
0 0.628515625 0.2609375 0.009375 0.046875
0 0.5953125 0.2625 0.009375 0.04609375
0 0.576171875 0.26171875 0.009765625 0.046875
0 0.5609375 0.2671875 0.007421875 0.0375
0 0.54921875 0.2671875 0.007421875 0.0390625
0 0.54453125 0.2703125 0.00703125 0.03515625
0 0.531640625 0.26796875 0.0078125 0.03984375
0 0.52421875 0.26796875 0.0078125 0.03984375
0 0.5171875 0.2671875 0.008203125 0.04296875
0 0.487109375 0.26796875 0.008203125 0.0421875
0 0.491015625 0.26796875 0.008203125 0.0421875
0 0.4953125 0.26953125 0.0078125 0.0390625
0 0.508203125 0.265625 0.00625 0.0328125
0 0.504296875 0.265625 0.007421875 0.0390625
0 0.346875 0.27890625 0.008203125 0.04375
0 0.38515625 0.28046875 0.00703125 0.03515625
0 0.36953125 0.278125 0.0078125 0.03984375
0 0.72265625 0.26328125 0.00703125 0.0359375
0 0.41640625 0.27890625 0.007421875 0.0359375
0 0.75078125 0.2625 0.007421875 0.03828125
0 0.726953125 0.2625 0.0078125 0.03984375
0 0.4234375 0.275 0.0078125 0.0390625
0 0.44765625 0.2765625 0.00703125 0.03515625
0 0.441796875 0.27265625 0.00859375 0.0453125
0 0.32421875 0.40625 0.021484375 0.1078125
0 0.745703125 0.39453125 0.011328125 0.0546875
0 0.751953125 0.39453125 0.009765625 0.05078125
0 0.7125 0.42734375 0.02265625 0.11015625
0 0.72109375 0.428125 0.02109375 0.103125
0 0.900390625 0.409375 0.01640625 0.08125
0 0.8921875 0.40546875 0.016015625 0.08203125
0 0.8921875 0.41171875 0.015625 0.07734375
0 0.866796875 0.41640625 0.01875 0.09296875
0 0.815234375 0.41328125 0.0140625 0.07109375
0 0.805078125 0.415625 0.015625 0.07890625
0 0.83515625 0.41484375 0.015234375 0.075
0 0.826953125 0.40859375 0.016015625 0.08125
0 0.8203125 0.4125 0.01640625 0.0828125
0 0.810546875 0.4234375 0.015625 0.078125
0 0.8390625 0.4234375 0.017578125 0.0875
0 0.829296875 0.4203125 0.0171875 0.08515625
0 0.842578125 0.4296875 0.015234375 0.0765625
0 0.88515625 0.42734375 0.027734375 0.1359375
0 0.85625 0.41875 0.019921875 0.1
0 0.8546875 0.4234375 0.03046875 0.14921875
0 0.77109375 0.4296875 0.029296875 0.14453125
0 0.759765625 0.434375 0.02734375 0.134375
0 0.015234375 0.04296875 0.015234375 0.015625
0 0.646484375 0.38046875 0.017578125 0.01875
0 0.65546875 0.3859375 0.00078125 0.00859375
0 0.665625 0.38046875 0.0109375 0.02421875