0 0.404296875 0.4078125 0.0265625 0.13125
0 0.373046875 0.40625 0.02421875 0.11875
0 0.42734375 0.40234375 0.028125 0.140625
0 0.45 0.4078125 0.0265625 0.1296875
0 0.36484375 0.415625 0.029296875 0.14453125
0 0.388671875 0.40390625 0.034375 0.1671875
0 0.16328125 0.42265625 0.0078125 0.0390625
0 0.55546875 0.4015625 0.01484375 0.07421875
0 0.54140625 0.4015625 0.0171875 0.08515625
0 0.60625 0.4109375 0.0078125 0.03828125
0 0.597265625 0.40703125 0.009765625 0.05
0 0.736328125 0.39140625 0.0109375 0.0546875
0 0.6515625 0.40546875 0.009765625 0.0484375
0 0.5609375 0.39765625 0.01953125 0.096875
0 0.044140625 0.41640625 0.01328125 0.065625
0 0.06015625 0.41953125 0.01171875 0.0578125
0 0.2109375 0.3984375 0.025390625 0.1265625
0 0.266015625 0.390625 0.025 0.1234375
0 0.480859375 0.396875 0.01171875 0.0609375
0 0.494921875 0.39375 0.0140625 0.0703125