0 0.639453125 0.3921875 0.00546875 0.02734375
0 0.69453125 0.39453125 0.0109375 0.0546875
0 0.7140625 0.39765625 0.009765625 0.0484375
0 0.738671875 0.384375 0.009375 0.0484375
0 0.747265625 0.3828125 0.01328125 0.0640625
0 0.813671875 0.3828125 0.019921875 0.09765625
0 0.1953125 0.4109375 0.00859375 0.04296875
0 0.369921875 0.40078125 0.004296875 0.02421875
0 0.31484375 0.403125 0.00625 0.03203125
0 0.308984375 0.40390625 0.00546875 0.028125
0 0.19296875 0.4125 0.0078125 0.03828125
0 0.20078125 0.4109375 0.00859375 0.0453125
0 0.180078125 0.42109375 0.01484375 0.0734375
0 0.150390625 0.42734375 0.013671875 0.06953125
0 0.133984375 0.4265625 0.0140625 0.07109375
0 0.090234375 0.42265625 0.01171875 0.05859375
0 0.084375 0.4265625 0.01328125 0.065625
0 0.04609375 0.42734375 0.01328125 0.065625
0 0.144921875 0.40546875 0.0125 0.0328125
0 0.1734375 0.40390625 0.00625 0.02265625
0 0.58828125 0.39375 0.00625 0.04296875
0 0.5921875 0.4140625 0.00078125 0.0015625
0 0.6484375 0.390625 0.00859375 0.02734375
0 0.699609375 0.38359375 0.00703125 0.00625
0 0.702734375 0.3953125 0.01328125 0.01953125
0 0.727734375 0.37421875 0.007421875 0.015625