0 0.65 0.371875 0.01015625 0.05078125
0 0.6578125 0.375 0.009375 0.046875
0 0.66640625 0.3625 0.011328125 0.05546875
0 0.664453125 0.36875 0.01171875 0.05859375
0 0.603125 0.36875 0.01328125 0.065625
0 0.570703125 0.36640625 0.013671875 0.06875
0 0.555078125 0.38828125 0.038671875 0.18828125
0 0.586328125 0.38515625 0.043359375 0.2140625
0 0.61953125 0.3890625 0.038671875 0.1890625
0 0.68984375 0.37421875 0.0390625 0.19140625
0 0.71875 0.3765625 0.03984375 0.1984375
0 0.864453125 0.3765625 0.039453125 0.19453125
0 0.884375 0.3796875 0.03984375 0.19609375
0 0.453515625 0.3796875 0.026953125 0.1328125
0 0.440625 0.3703125 0.030859375 0.1515625
0 0.4265625 0.37890625 0.030859375 0.15
0 0.457421875 0.36796875 0.03515625 0.171875
0 0.38046875 0.3796875 0.029296875 0.14453125
0 0.40078125 0.3734375 0.030859375 0.153125
0 0.169140625 0.390625 0.01015625 0.053125
0 0.18203125 0.3890625 0.01171875 0.05625
0 0.06640625 0.39375 0.0109375 0.0546875
0 0.0296875 0.39375 0.0109375 0.05390625
0 0.037890625 0.3953125 0.01015625 0.05078125
0 0.098046875 0.384375 0.04375 0.215625
0 0.012890625 0.4015625 0.02578125 0.19375
0 0.646875 0.36796875 0.00625 0.06640625