0 0.585546875 0.38125 0.00859375 0.04296875
0 0.59296875 0.38125 0.0078125 0.040625
0 0.601953125 0.384375 0.00859375 0.04375
0 0.6 0.3828125 0.01015625 0.05078125
0 0.6109375 0.38125 0.01015625 0.053125
0 0.64609375 0.3765625 0.01015625 0.05078125
0 0.640234375 0.37578125 0.011328125 0.0546875
0 0.63828125 0.3875 0.011328125 0.05625
0 0.634375 0.38671875 0.016015625 0.0796875
0 0.6515625 0.38125 0.015234375 0.075
0 0.65703125 0.38125 0.0171875 0.08671875
0 0.69609375 0.378125 0.012109375 0.059375
0 0.798046875 0.36015625 0.0140625 0.0703125
0 0.722265625 0.38515625 0.021875 0.11015625
0 0.707421875 0.3921875 0.02421875 0.11875
0 0.7328125 0.39453125 0.021484375 0.1078125
0 0.77421875 0.3796875 0.02265625 0.11015625
0 0.762109375 0.38515625 0.021484375 0.10625
0 0.86171875 0.384375 0.031640625 0.15546875
0 0.83671875 0.38515625 0.031640625 0.15546875
0 0.89765625 0.3875 0.03203125 0.1578125
0 0.9265625 0.37265625 0.034765625 0.17109375
0 0.22109375 0.40546875 0.004296875 0.02421875
0 0.284375 0.40546875 0.007421875 0.0375
0 0.57109375 0.3796875 0.0078125 0.0296875
0 0.581640625 0.38046875 0.0015625 0.01875
0 0.584765625 0.40390625 0.000390625 0.00078125
0 0.59609375 0.36796875 0.001953125 0.00078125
0 0.60625 0.37265625 0.003125 0.01484375
0 0.6171875 0.3734375 0.0046875 0.0140625
0 0.627734375 0.3765625 0.007421875 0.05546875
0 0.62734375 0.41328125 0.00703125 0.0125
0 0.68125 0.3609375 0.021875 0.0375
0 0.7453125 0.35859375 0.013671875 0.0453125