0 0.532421875 0.3859375 0.004296875 0.02265625
0 0.34296875 0.41484375 0.00625 0.03125
0 0.56328125 0.38984375 0.00546875 0.02734375
0 0.6546875 0.37734375 0.0078125 0.03984375
0 0.66640625 0.39140625 0.0109375 0.05390625
0 0.673828125 0.39765625 0.01640625 0.0828125
0 0.679296875 0.40859375 0.019140625 0.09296875
0 0.697265625 0.4078125 0.0203125 0.1015625
0 0.7265625 0.403125 0.021484375 0.1046875
0 0.71328125 0.40625 0.021484375 0.10546875
0 0.758203125 0.40625 0.0171875 0.0859375
0 0.74609375 0.409375 0.0265625 0.13203125
0 0.780859375 0.38984375 0.015234375 0.07421875
0 0.7796875 0.396875 0.019921875 0.09765625
0 0.63671875 0.4140625 0.0265625 0.13125
0 0.61484375 0.41484375 0.034765625 0.17109375
0 0.6265625 0.4140625 0.0359375 0.178125
0 0.83046875 0.39921875 0.025 0.121875
0 0.847265625 0.39921875 0.023828125 0.11796875
0 0.869921875 0.39921875 0.023046875 0.1140625
0 0.545703125 0.3921875 0.00546875 0.02734375
0 0.562109375 0.39140625 0.004296875 0.0234375
0 0.5984375 0.4046875 0.01015625 0.053125