0 0.539453125 0.4015625 0.0109375 0.05390625
0 0.6265625 0.41484375 0.017578125 0.0859375
0 0.55625 0.4078125 0.01171875 0.05859375
0 0.551171875 0.4046875 0.01171875 0.05859375
0 0.562890625 0.40703125 0.011328125 0.05546875
0 0.55390625 0.4078125 0.011328125 0.0578125
0 0.597265625 0.40703125 0.0125 0.0625
0 0.658203125 0.3984375 0.015625 0.078125
0 0.68671875 0.4078125 0.01875 0.0921875
0 0.67109375 0.4078125 0.02734375 0.13359375
0 0.64765625 0.40546875 0.02109375 0.10234375
0 0.736328125 0.40078125 0.03046875 0.14921875
0 0.709765625 0.41875 0.0328125 0.16015625
0 0.828515625 0.403125 0.02578125 0.128125
0 0.805859375 0.39921875 0.025 0.1234375
0 0.771875 0.403125 0.03671875 0.1828125
0 0.94296875 0.3859375 0.026953125 0.13203125