0 0.77578125 0.409375 0.015625 0.07734375
0 0.47578125 0.39609375 0.00390625 0.01875
0 0.5953125 0.4109375 0.00859375 0.04375
0 0.61484375 0.409375 0.008203125 0.04296875
0 0.60390625 0.403125 0.00546875 0.0265625
0 0.6921875 0.40546875 0.023046875 0.11328125
0 0.678125 0.40390625 0.02578125 0.12578125
0 0.73203125 0.40703125 0.023046875 0.1140625
0 0.7953125 0.415625 0.0296875 0.146875
0 0.842578125 0.40703125 0.0328125 0.16328125
0 0.86796875 0.4015625 0.030859375 0.153125
0 0.877734375 0.4015625 0.03671875 0.1796875
0 0.921484375 0.41484375 0.025 0.12421875
0 0.960546875 0.4171875 0.0265625 0.13125
0 0.20234375 0.3765625 0.00859375 0.04375
0 0.058984375 0.36953125 0.009765625 0.05
0 0.03046875 0.3890625 0.01484375 0.07421875
0 0.01484375 0.38984375 0.0140625 0.0703125
0 0.24375 0.38828125 0.00859375 0.04375
0 0.46875 0.39375 0.00390625 0.0203125
0 0.07265625 0.36640625 0.008203125 0.04609375
0 0.081640625 0.3671875 0.00546875 0.0453125
0 0.23984375 0.3796875 0.007421875 0.0171875
0 0.246484375 0.371875 0.00390625 0.00625