0 0.269921875 0.3921875 0.005859375 0.0296875
0 0.259375 0.39375 0.00625 0.03125
0 0.26328125 0.39296875 0.00703125 0.034375
0 0.643359375 0.4125 0.007421875 0.0375
0 0.62578125 0.4046875 0.013671875 0.065625
0 0.61953125 0.4 0.01484375 0.071875
0 0.66875 0.409375 0.0109375 0.05390625
0 0.67421875 0.40703125 0.011328125 0.0578125
0 0.748828125 0.39921875 0.023046875 0.11328125
0 0.73515625 0.3953125 0.021875 0.109375
0 0.7890625 0.4 0.0203125 0.10078125
0 0.808203125 0.409375 0.02578125 0.12890625
0 0.796875 0.4078125 0.03046875 0.1484375
0 0.840234375 0.40703125 0.025390625 0.125
0 0.851953125 0.409375 0.025390625 0.12578125
0 0.8359375 0.40703125 0.028125 0.1375
0 0.728515625 0.40234375 0.02265625 0.1109375
0 0.59453125 0.40625 0.015234375 0.03125
0 0.608203125 0.40703125 0.003515625 0.0265625
0 0.65 0.40234375 0.003515625 0.01171875
0 0.656640625 0.4109375 0.003125 0.03046875