0 0.598046875 0.346875 0.00234375 0.0125
0 0.61953125 0.34296875 0.00234375 0.0125
0 0.633984375 0.33828125 0.003515625 0.01640625
0 0.637109375 0.3390625 0.003125 0.01640625
0 0.67890625 0.33515625 0.003125 0.015625
0 0.68359375 0.3359375 0.003125 0.0140625
0 0.689453125 0.33359375 0.003125 0.01640625
0 0.801953125 0.32890625 0.003515625 0.01640625
0 0.81015625 0.328125 0.003125 0.0171875
0 0.82578125 0.3265625 0.0046875 0.025
0 0.88359375 0.325 0.004296875 0.02265625
0 0.8890625 0.32421875 0.00390625 0.021875
0 0.920703125 0.32421875 0.00234375 0.0140625
0 0.925390625 0.32109375 0.003125 0.015625
0 0.9296875 0.321875 0.003125 0.01484375
0 0.941015625 0.31875 0.003125 0.01484375
0 0.9453125 0.31875 0.003125 0.01484375
0 0.52578125 0.3546875 0.003125 0.01484375
0 0.56328125 0.38125 0.0140625 0.06875
0 0.376171875 0.38125 0.003515625 0.01640625
0 0.373046875 0.375 0.005859375 0.02734375
0 0.394140625 0.38125 0.003515625 0.0171875
0 0.3921875 0.378125 0.00390625 0.01953125
0 0.3890625 0.39375 0.00546875 0.02734375
0 0.383984375 0.396875 0.00546875 0.02734375
0 0.510546875 0.5203125 0.10390625 0.509375
0 0.796484375 0.4859375 0.108984375 0.5328125
0 0.178515625 0.49296875 0.1 0.490625
0 0.217578125 0.490625 0.11484375 0.56171875
0 0.39921875 0.38359375 0.007421875 0.0390625
0 0.480859375 0.39765625 0.021484375 0.10625
0 0.315625 0.428125 0.080078125 0.39453125
0 0.380078125 0.37578125 0.004296875 0.02421875
0 0.254296875 0.38359375 0.013671875 0.01484375
0 0.9578125 0.31328125 0.008203125 0.0078125