0 0.5140625 0.3796875 0.00625 0.034375
0 0.106640625 0.33515625 0.012109375 0.06171875
0 0.016015625 0.4109375 0.021484375 0.10546875
0 0.039453125 0.40546875 0.02578125 0.1265625
0 0.7125 0.38046875 0.01171875 0.0578125
0 0.694140625 0.38046875 0.01328125 0.065625
0 0.687109375 0.37890625 0.0125 0.0640625
0 0.68203125 0.38203125 0.012109375 0.06171875
0 0.703515625 0.38203125 0.01171875 0.0578125
0 0.806640625 0.37265625 0.013671875 0.0671875
0 0.4671875 0.3890625 0.0078125 0.0390625
0 0.816796875 0.3734375 0.019921875 0.1
0 0.7125 0.38125 0.012109375 0.0609375
0 0.39921875 0.38359375 0.004296875 0.0125
0 0.4046875 0.37578125 0.001953125 0.00390625
0 0.425 0.3734375 0.00390625 0.003125
0 0.4359375 0.38515625 0.00625 0.02421875
0 0.521484375 0.371875 0.005859375 0.00625