0 0.63671875 0.38125 0.00703125 0.03515625
0 0.640625 0.384375 0.00703125 0.03515625
0 0.72421875 0.37421875 0.0078125 0.03984375
0 0.718359375 0.37265625 0.007421875 0.03828125
0 0.7125 0.37578125 0.007421875 0.03828125
0 0.777734375 0.46953125 0.07265625 0.35625
0 0.803125 0.4671875 0.08125 0.396875
0 0.5328125 0.39375 0.0046875 0.025
0 0.5125 0.4515625 0.07109375 0.3484375
0 0.507421875 0.4828125 0.06953125 0.3390625
0 0.325 0.4125 0.004296875 0.02265625
0 0.2625 0.41015625 0.0078125 0.0390625
0 0.3671875 0.46171875 0.056640625 0.278125
0 0.349609375 0.46796875 0.059375 0.2921875
0 0.41171875 0.45390625 0.07421875 0.3640625
0 0.4484375 0.4953125 0.084375 0.4109375
0 0.4109375 0.51484375 0.087890625 0.43125
0 0.619140625 0.4546875 0.05078125 0.24921875
0 0.612109375 0.459375 0.078515625 0.384375
0 0.26875 0.41328125 0.0078125 0.0390625
0 0.2765625 0.409375 0.009375 0.04609375
0 0.308203125 0.47734375 0.06171875 0.303125
0 0.20859375 0.46640625 0.06015625 0.29609375
0 0.178125 0.4234375 0.01015625 0.0515625
0 0.2453125 0.4640625 0.09140625 0.44453125
0 0.1515625 0.46796875 0.048828125 0.23828125
0 0.13203125 0.4984375 0.08515625 0.4171875
0 0.190234375 0.48515625 0.0609375 0.30078125
0 0.153125 0.52421875 0.03671875 0.18046875
0 0.196484375 0.50390625 0.0953125 0.46484375
0 0.09296875 0.4921875 0.091796875 0.446875
0 0.13046875 0.5125 0.099609375 0.4859375
0 0.6734375 0.46015625 0.06484375 0.31875
0 0.312109375 0.40390625 0.00703125 0.034375
0 0.3171875 0.4125 0.009765625 0.05
0 0.47890625 0.40078125 0.009765625 0.04765625
0 0.56953125 0.39609375 0.0078125 0.0265625
0 0.7484375 0.36953125 0.037109375 0.0421875