0 0.433984375 0.4078125 0.009375 0.0484375
0 0.4265625 0.409375 0.01015625 0.05078125
0 0.405859375 0.41328125 0.00859375 0.04375
0 0.351171875 0.4125 0.01171875 0.059375
0 0.350390625 0.415625 0.011328125 0.05546875
0 0.355078125 0.4140625 0.0140625 0.06875
0 0.34453125 0.41484375 0.013671875 0.06953125
0 0.335546875 0.4171875 0.0109375 0.0515625
0 0.2796875 0.415625 0.012109375 0.0625
0 0.202734375 0.4359375 0.009375 0.04765625
0 0.176171875 0.42734375 0.01484375 0.0734375
0 0.165234375 0.4328125 0.01328125 0.065625
0 0.169140625 0.4296875 0.0140625 0.0703125
0 0.10859375 0.42890625 0.017578125 0.08671875
0 0.09765625 0.43125 0.01640625 0.08203125
0 0.09140625 0.43828125 0.015234375 0.07421875
0 0.101953125 0.43046875 0.017578125 0.0859375
0 0.36640625 0.41875 0.011328125 0.0578125
0 0.068359375 0.4390625 0.013671875 0.0671875
0 0.062109375 0.43828125 0.017578125 0.0859375
0 0.026953125 0.4578125 0.0109375 0.05546875
0 0.015234375 0.4578125 0.0125 0.06171875
0 0.536328125 0.40859375 0.01328125 0.065625
0 0.66875 0.4015625 0.01171875 0.05625
0 0.667578125 0.4078125 0.011328125 0.05546875
0 0.675 0.40703125 0.012109375 0.059375
0 0.583203125 0.4125 0.012109375 0.0609375
0 0.5890625 0.40703125 0.0140625 0.07109375
0 0.69453125 0.4 0.0125 0.065625
0 0.69140625 0.39921875 0.013671875 0.06875
0 0.70078125 0.4078125 0.01015625 0.0515625
0 0.71640625 0.40078125 0.01171875 0.059375
0 0.712109375 0.4046875 0.01015625 0.053125
0 0.73984375 0.4015625 0.01328125 0.06640625
0 0.733984375 0.396875 0.015625 0.078125
0 0.753515625 0.38984375 0.01484375 0.071875
0 0.74765625 0.39921875 0.0140625 0.0703125
0 0.762109375 0.39375 0.013671875 0.0703125
0 0.76796875 0.390625 0.01484375 0.0703125
0 0.780859375 0.39296875 0.012109375 0.059375
0 0.794921875 0.3890625 0.0125 0.06328125
0 0.803125 0.3890625 0.011328125 0.0546875
0 0.80625 0.3890625 0.012109375 0.06171875
0 0.80859375 0.3890625 0.0125 0.06171875
0 0.812109375 0.3921875 0.012109375 0.06171875
0 0.859765625 0.38125 0.01328125 0.065625
0 0.85390625 0.384375 0.012109375 0.06171875
0 0.884375 0.38203125 0.012109375 0.0625
0 0.908203125 0.3796875 0.013671875 0.0671875
0 0.3 0.415625 0.01015625 0.053125
0 0.33046875 0.415625 0.011328125 0.05625
0 0.194921875 0.43046875 0.012109375 0.06171875
0 0.848046875 0.384375 0.01171875 0.0609375
0 0.41953125 0.4125 0.009375 0.046875
0 0.01640625 0.459375 0.013671875 0.06640625
0 0.3765625 0.39921875 0.011328125 0.0234375
0 0.3765625 0.43046875 0.007421875 0.03515625