0 0.6703125 0.33671875 0.01015625 0.05078125
0 0.655078125 0.3375 0.011328125 0.05625
0 0.66328125 0.3453125 0.01484375 0.07421875
0 0.745703125 0.3703125 0.021875 0.1078125
0 0.71953125 0.371875 0.023046875 0.1125
0 0.90703125 0.36171875 0.0296875 0.14765625
0 0.872265625 0.375 0.019921875 0.1
0 0.606640625 0.32421875 0.007421875 0.0390625
0 0.613671875 0.32421875 0.0078125 0.0390625
0 0.623046875 0.321875 0.00859375 0.04375
0 0.6296875 0.3328125 0.01015625 0.05078125
0 0.6390625 0.3296875 0.01171875 0.0578125
0 0.641015625 0.3328125 0.0109375 0.0515625
0 0.64453125 0.340625 0.01171875 0.05625
0 0.54765625 0.3234375 0.00625 0.0328125
0 0.577734375 0.325 0.00703125 0.0328125
0 0.571875 0.32890625 0.00703125 0.03515625
0 0.5625 0.328125 0.0078125 0.0390625
0 0.538671875 0.325 0.00625 0.03203125
0 0.535546875 0.325 0.00703125 0.034375
0 0.491796875 0.3203125 0.0046875 0.025
0 0.498046875 0.32109375 0.0046875 0.0265625
0 0.4734375 0.32265625 0.005859375 0.028125
0 0.48359375 0.32734375 0.00859375 0.04375
0 0.4640625 0.32578125 0.00625 0.03203125
0 0.45078125 0.31875 0.00625 0.03203125
0 0.456640625 0.31953125 0.00625 0.03203125
0 0.444921875 0.321875 0.00546875 0.028125
0 0.4359375 0.321875 0.00859375 0.04375
0 0.42734375 0.3171875 0.004296875 0.021875
0 0.4140625 0.32109375 0.005859375 0.0296875
0 0.417578125 0.33671875 0.005859375 0.03046875
0 0.4125 0.33828125 0.00625 0.03203125
0 0.43203125 0.35625 0.01484375 0.0734375
0 0.43046875 0.3609375 0.0140625 0.06953125
0 0.521875 0.4125 0.034765625 0.1703125
0 0.3703125 0.34453125 0.01015625 0.05078125
0 0.366796875 0.3578125 0.01171875 0.05625
0 0.333203125 0.36796875 0.019921875 0.09765625
0 0.327734375 0.38515625 0.021875 0.11015625
0 0.354296875 0.4171875 0.0484375 0.23828125
0 0.220703125 0.390625 0.0265625 0.13125
0 0.246484375 0.39140625 0.025 0.12421875
0 0.215625 0.39296875 0.027734375 0.1375
0 0.203515625 0.39453125 0.03046875 0.1484375
0 0.1734375 0.3859375 0.026953125 0.1328125
0 0.1765625 0.38984375 0.02890625 0.14375
0 0.13671875 0.3890625 0.0265625 0.13125
0 0.10078125 0.38984375 0.021875 0.10859375
0 0.140234375 0.4 0.031640625 0.15703125
0 0.113671875 0.39765625 0.034375 0.16796875
0 0.05390625 0.409375 0.035546875 0.1734375
0 0.598046875 0.3625 0.017578125 0.0875
0 0.165234375 0.4015625 0.03359375 0.1671875
0 0.422265625 0.32109375 0.0046875 0.0265625
0 0.069921875 0.415625 0.03203125 0.1578125