0 0.520703125 0.4171875 0.0140625 0.07109375
0 0.53203125 0.421875 0.01171875 0.05859375
0 0.550390625 0.428125 0.016015625 0.07890625
0 0.542578125 0.42890625 0.0171875 0.08515625
0 0.745703125 0.53359375 0.134765625 0.659375
0 0.82109375 0.52109375 0.153125 0.74921875
0 0.367578125 0.5125 0.103515625 0.50625
0 0.35703125 0.534375 0.11015625 0.540625
0 0.4421875 0.5203125 0.155859375 0.7609375
0 0.41796875 0.571875 0.16796875 0.8203125
0 0.133203125 0.51796875 0.10546875 0.51640625
0 0.071484375 0.51796875 0.117578125 0.575
0 0.562109375 0.4203125 0.015625 0.07734375