0 0.0078125 0.371875 0.015625 0.09765625
0 0.77265625 0.4203125 0.0375 0.18359375
0 0.556640625 0.36484375 0.00390625 0.02265625
0 0.547265625 0.3765625 0.009375 0.04765625
0 0.459375 0.3765625 0.009375 0.046875
0 0.448828125 0.3765625 0.009765625 0.04765625
0 0.6109375 0.37890625 0.00859375 0.0453125
0 0.51015625 0.38828125 0.01875 0.09296875
0 0.5328125 0.3984375 0.02265625 0.109375
0 0.59296875 0.375 0.009765625 0.05078125
0 0.605078125 0.3796875 0.009765625 0.0484375
0 0.56640625 0.37421875 0.00859375 0.04375