0 0.71328125 0.4078125 0.02578125 0.12578125
0 0.7484375 0.39609375 0.034375 0.1671875
0 0.81796875 0.40546875 0.033203125 0.1640625
0 0.78671875 0.4 0.03125 0.15234375
0 0.008984375 0.434375 0.01796875 0.109375
0 0.182421875 0.421875 0.015234375 0.0765625
0 0.178125 0.4234375 0.015625 0.07734375
0 0.194921875 0.42578125 0.01484375 0.071875
0 0.294921875 0.41484375 0.015625 0.078125
0 0.28203125 0.41875 0.015234375 0.075
0 0.3515625 0.409375 0.013671875 0.0671875
0 0.371875 0.4078125 0.009765625 0.0484375
0 0.380859375 0.4078125 0.0109375 0.05390625
0 0.4421875 0.4109375 0.00703125 0.034375
0 0.401171875 0.4109375 0.015234375 0.07421875
0 0.430078125 0.41015625 0.015234375 0.0765625
0 0.925390625 0.42265625 0.0890625 0.4359375
0 0.56484375 0.40546875 0.009765625 0.046875
0 0.5890625 0.42578125 0.040625 0.2015625