0 0.584375 0.39140625 0.00625 0.03203125
0 0.61875 0.3921875 0.0078125 0.0390625
0 0.878515625 0.41328125 0.0265625 0.12890625
0 0.20546875 0.37578125 0.00703125 0.034375
0 0.21015625 0.38125 0.0078125 0.03828125
0 0.2203125 0.37578125 0.00546875 0.028125
0 0.217578125 0.38359375 0.007421875 0.03828125
0 0.180078125 0.38046875 0.008203125 0.0421875
0 0.24453125 0.38125 0.007421875 0.0359375
0 0.198828125 0.378125 0.007421875 0.0375
0 0.38515625 0.3859375 0.003125 0.01640625
0 0.3875 0.38203125 0.00390625 0.02265625
0 0.82890625 0.41171875 0.0203125 0.10078125
0 0.64453125 0.409375 0.02421875 0.11875
0 0.193359375 0.3796875 0.0078125 0.0390625
0 0.1875 0.378125 0.0078125 0.03515625
0 0.558984375 0.3875 0.00625 0.02734375
0 0.570703125 0.39140625 0.00234375 0.0296875
0 0.597265625 0.39375 0.00859375 0.03125