0 0.0890625 0.45703125 0.080078125 0.390625
0 0.1421875 0.478125 0.07578125 0.36875
0 0.797265625 0.1 0.0171875 0.084375
0 0.824609375 0.0625 0.015234375 0.0765625
0 0.781640625 0.48203125 0.082421875 0.403125
0 0.7578125 0.49375 0.09765625 0.47578125
0 0.501953125 0.27578125 0.00703125 0.0359375
0 0.52109375 0.27734375 0.00703125 0.03515625
0 0.530859375 0.27734375 0.00703125 0.03515625
0 0.548828125 0.28203125 0.00390625 0.0203125
0 0.457421875 0.46015625 0.080078125 0.390625
0 0.487890625 0.4859375 0.07890625 0.3875
0 0.434375 0.46796875 0.090234375 0.4421875
0 0.2671875 0.4640625 0.07734375 0.37578125
0 0.371875 0.471875 0.0703125 0.34453125
0 0.2765625 0.47890625 0.08046875 0.3953125
0 0.5890625 0.51171875 0.070703125 0.34765625
0 0.583984375 0.4640625 0.123046875 0.60078125
0 0.337890625 0.47578125 0.1140625 0.55859375
0 0.17421875 0.28984375 0.0046875 0.025