0 0.955078125 0.43125 0.087890625 0.43046875
0 0.82890625 0.41484375 0.04140625 0.20390625
0 0.808984375 0.4390625 0.0640625 0.31328125
0 0.74140625 0.4 0.027734375 0.1375
0 0.74921875 0.4015625 0.0265625 0.13125
0 0.746875 0.459375 0.025 0.1234375
0 0.73359375 0.45078125 0.02890625 0.14140625
0 0.777734375 0.41484375 0.040625 0.1984375
0 0.803515625 0.4390625 0.06796875 0.33203125
0 0.8828125 0.45625 0.065625 0.32109375
0 0.230859375 0.38828125 0.016015625 0.08125
0 0.237109375 0.3953125 0.01328125 0.06640625
0 0.25078125 0.3953125 0.01484375 0.0734375
0 0.68515625 0.4125 0.029296875 0.14453125
0 0.65859375 0.41484375 0.029296875 0.1453125
0 0.651171875 0.4109375 0.0328125 0.1609375
0 0.628125 0.4203125 0.031640625 0.15625
0 0.11875 0.3640625 0.005859375 0.03046875
0 0.1109375 0.3640625 0.00625 0.03203125
0 0.05078125 0.35 0.00390625 0.0203125
0 0.0578125 0.35078125 0.00546875 0.0265625
0 0.01484375 0.35 0.003125 0.0171875
0 0.004296875 0.39765625 0.00859375 0.0734375
0 0.028125 0.3984375 0.0140625 0.071875
0 0.053125 0.38359375 0.011328125 0.05625
0 0.03359375 0.39765625 0.016015625 0.078125
0 0.023046875 0.40234375 0.01875 0.0921875
0 0.057421875 0.403125 0.01796875 0.0890625
0 0.047265625 0.40078125 0.019140625 0.09453125
0 0.121484375 0.40390625 0.019140625 0.09453125
0 0.113671875 0.40546875 0.01875 0.08984375