0 0.27734375 0.4171875 0.00859375 0.0453125
0 0.1546875 0.4203125 0.012109375 0.0609375
0 0.13359375 0.42109375 0.0125 0.0640625
0 0.273046875 0.41953125 0.0078125 0.03984375
0 0.577734375 0.4203125 0.01015625 0.053125
0 0.58828125 0.415625 0.011328125 0.05546875
0 0.76484375 0.41328125 0.01875 0.09375
0 0.788671875 0.4265625 0.021484375 0.10546875
0 0.859375 0.41484375 0.0203125 0.10078125
0 0.88515625 0.40859375 0.021875 0.10859375
0 0.7859375 0.4265625 0.025 0.1234375
0 0.37734375 0.4203125 0.017578125 0.0328125