0 0.686328125 0.3921875 0.00234375 0.0140625
0 0.6296875 0.390625 0.0046875 0.025
0 0.62421875 0.39296875 0.004296875 0.02265625
0 0.0984375 0.4265625 0.004296875 0.02421875
0 0.95078125 0.365625 0.007421875 0.0375
0 0.005859375 0.43046875 0.0078125 0.03828125
0 0.8765625 0.384375 0.011328125 0.0546875
0 0.00546875 0.4109375 0.0046875 0.0171875
0 0.003515625 0.43828125 0.00078125 0.0171875
0 0.008203125 0.4359375 0.00078125 0.0046875
0 0.070703125 0.428125 0.011328125 0.028125
0 0.088671875 0.42578125 0.012109375 0.03125
0 0.67578125 0.3921875 0.0046875 0.01953125
0 0.932421875 0.3515625 0.0140625 0.0140625