0 0.5953125 0.315625 0.00078125 0.00625
0 0.559765625 0.3234375 0.0015625 0.00703125
0 0.584765625 0.31796875 0.0015625 0.00703125
0 0.56328125 0.32109375 0.00078125 0.0078125
0 0.58671875 0.315625 0.00078125 0.00625
0 0.6046875 0.3140625 0.0015625 0.00703125
0 0.6078125 0.31328125 0.00078125 0.00703125
0 0.59140625 0.315625 0.00078125 0.0078125
0 0.59296875 0.315625 0.000390625 0.00625
0 0.824609375 0.346875 0.012109375 0.0609375
0 0.815625 0.3453125 0.0125 0.06171875
0 0.571484375 0.35546875 0.00546875 0.025
0 0.601171875 0.4015625 0.02890625 0.14140625
0 0.5734375 0.40625 0.030859375 0.15
0 0.5375 0.40234375 0.026953125 0.1328125
0 0.613671875 0.3140625 0.007421875 0.0078125
0 0.620703125 0.3140625 0.00234375 0.00703125
0 0.629296875 0.31640625 0.009765625 0.0140625