0 0.158203125 0.37578125 0.0109375 0.053125
0 0.00703125 0.375 0.013671875 0.0796875
0 0.57421875 0.2796875 0.005859375 0.03046875
0 0.97421875 0.3890625 0.05 0.3015625
0 0.886328125 0.403125 0.047265625 0.234375
0 0.781640625 0.4171875 0.052734375 0.25703125
0 0.73828125 0.4390625 0.0546875 0.26640625
0 0.67265625 0.4328125 0.053125 0.26171875
0 0.0578125 0.4453125 0.04921875 0.2421875
0 0.03671875 0.4359375 0.05390625 0.2640625
0 0.189453125 0.4421875 0.048828125 0.24140625
0 0.204296875 0.440625 0.0484375 0.23828125
0 0.104296875 0.45390625 0.053125 0.2609375
0 0.348046875 0.41796875 0.05625 0.275
0 0.352734375 0.4359375 0.050390625 0.246875
0 0.36171875 0.2390625 0.0046875 0.025
0 0.366015625 0.2390625 0.004296875 0.02265625
0 0.4484375 0.42578125 0.062109375 0.303125
0 0.5078125 0.446875 0.05078125 0.24921875
0 0.85 0.36640625 0.05703125 0.2796875
0 0.89765625 0.4046875 0.078125 0.38203125
0 0.353125 0.2609375 0.004296875 0.00703125
0 0.355078125 0.2390625 0.00703125 0.0109375