0 0.83046875 0.39765625 0.01328125 0.0640625
0 0.86015625 0.4046875 0.01484375 0.0734375
0 0.851953125 0.40234375 0.015625 0.078125
0 0.84296875 0.4 0.01640625 0.08203125
0 0.890234375 0.39921875 0.016015625 0.07890625
0 0.87109375 0.39375 0.01875 0.09296875
0 0.898046875 0.3921875 0.01875 0.09296875
0 0.909765625 0.39140625 0.017578125 0.08671875
0 0.934375 0.39140625 0.013671875 0.06640625
0 0.919921875 0.39140625 0.01875 0.09296875
0 0.9796875 0.3859375 0.01484375 0.071875
0 0.99375 0.3859375 0.0109375 0.06875
0 0.39296875 0.42578125 0.0046875 0.025
0 0.82578125 0.3984375 0.0140625 0.0703125