0 0.637109375 0.37421875 0.00546875 0.0296875
0 0.72109375 0.378125 0.007421875 0.0375
0 0.72734375 0.3765625 0.007421875 0.0390625
0 0.733984375 0.38359375 0.01015625 0.0515625
0 0.747265625 0.3765625 0.008203125 0.03984375
0 0.758203125 0.3734375 0.00703125 0.034375
0 0.755078125 0.3765625 0.01015625 0.05078125
0 0.77421875 0.37421875 0.0078125 0.0390625
0 0.769140625 0.37578125 0.00859375 0.04296875
0 0.776953125 0.3796875 0.007421875 0.03828125
0 0.79609375 0.378125 0.009765625 0.0484375
0 0.8484375 0.3921875 0.01640625 0.0828125
0 0.8640625 0.384375 0.012109375 0.05859375
0 0.8765625 0.38359375 0.01171875 0.059375
0 0.869140625 0.3859375 0.01484375 0.0703125
0 0.890234375 0.36796875 0.0109375 0.05390625
0 0.883203125 0.38125 0.015234375 0.0765625
0 0.902734375 0.37109375 0.011328125 0.05625
0 0.909765625 0.37265625 0.0109375 0.05390625
0 0.915234375 0.3671875 0.011328125 0.0546875
0 0.9125 0.3734375 0.01171875 0.05859375
0 0.92421875 0.3640625 0.011328125 0.05625
0 0.93515625 0.36796875 0.01171875 0.05859375
0 0.96015625 0.3578125 0.011328125 0.05546875
0 0.96953125 0.37578125 0.0140625 0.06953125
0 0.956640625 0.371875 0.012109375 0.0625
0 0.704296875 0.39765625 0.01796875 0.090625
0 0.717578125 0.39296875 0.01796875 0.090625
0 0.741796875 0.40703125 0.02421875 0.121875
0 0.70234375 0.4109375 0.0234375 0.1140625
0 0.6671875 0.425 0.015625 0.07890625
0 0.673828125 0.41328125 0.0203125 0.1015625
0 0.633203125 0.37578125 0.005859375 0.03046875
0 0.59765625 0.3796875 0.00390625 0.0203125
0 0.590625 0.378125 0.004296875 0.021875
0 0.539453125 0.378125 0.00390625 0.01875
0 0.566015625 0.4109375 0.02265625 0.1109375
0 0.571875 0.4109375 0.0234375 0.11640625
0 0.58046875 0.41484375 0.02578125 0.128125
0 0.534375 0.40625 0.023828125 0.11875
0 0.469921875 0.40234375 0.021875 0.109375
0 0.468359375 0.4109375 0.02265625 0.109375
0 0.444921875 0.409375 0.02109375 0.10234375
0 0.156640625 0.42578125 0.021875 0.109375
0 0.123828125 0.425 0.0140625 0.06953125
0 0.11484375 0.42421875 0.0140625 0.07109375
0 0.10625 0.42578125 0.0140625 0.0703125
0 0.511328125 0.41484375 0.021875 0.11015625
0 0.06953125 0.4234375 0.0140625 0.06953125
0 0.1359375 0.42265625 0.016015625 0.078125
0 0.020703125 0.44375 0.031640625 0.15546875
0 0.61640625 0.37734375 0.004296875 0.02265625
0 0.6078125 0.378125 0.0046875 0.025
0 0.788671875 0.39453125 0.021484375 0.10546875
0 0.444921875 0.403125 0.02109375 0.1046875
0 0.491015625 0.3703125 0.01328125 0.0078125
0 0.503125 0.3765625 0.009375 0.01484375
0 0.51796875 0.3828125 0.00859375 0.021875
0 0.603125 0.37890625 0.007421875 0.025
0 0.6109375 0.378125 0.003515625 0.02421875
0 0.625390625 0.3765625 0.013671875 0.034375
0 0.712109375 0.3640625 0.004296875 0.00625
0 0.711328125 0.40546875 0.0015625 0.00390625
0 0.726953125 0.378125 0.009375 0.04296875