0 0.8015625 0.3796875 0.01640625 0.084375
0 0.794921875 0.38203125 0.01953125 0.0953125
0 0.82578125 0.37734375 0.01953125 0.0984375
0 0.203125 0.36953125 0.00703125 0.034375
0 0.08046875 0.3734375 0.013671875 0.0703125
0 0.0765625 0.37578125 0.019140625 0.09453125
0 0.183984375 0.371875 0.00859375 0.04296875
0 0.09609375 0.3796875 0.019140625 0.09375
0 0.11328125 0.37578125 0.015625 0.078125
0 0.17421875 0.378125 0.009765625 0.05
0 0.04609375 0.38203125 0.0171875 0.084375
0 0.006640625 0.3859375 0.01328125 0.13203125
0 0.312109375 0.3765625 0.005859375 0.0296875
0 0.484765625 0.3828125 0.00625 0.03125
0 0.476171875 0.38515625 0.0046875 0.0265625
0 0.457421875 0.38359375 0.00703125 0.03203125
0 0.46640625 0.38203125 0.00703125 0.03515625
0 0.4625 0.38125 0.00703125 0.034375
0 0.628125 0.37734375 0.008203125 0.0421875
0 0.640234375 0.36875 0.00859375 0.04296875
0 0.637109375 0.37421875 0.00859375 0.04609375
0 0.663671875 0.37421875 0.008203125 0.0421875
0 0.85234375 0.3859375 0.0203125 0.1
0 0.327734375 0.43828125 0.07421875 0.3609375
0 0.426171875 0.46171875 0.10859375 0.5296875