0 0.730078125 0.378125 0.0078125 0.03984375
0 0.70546875 0.37890625 0.007421875 0.0375
0 0.70859375 0.3796875 0.007421875 0.03828125
0 0.712890625 0.3796875 0.0078125 0.03828125
0 0.723046875 0.378125 0.00859375 0.04296875
0 0.808203125 0.46484375 0.083984375 0.4125
0 0.81484375 0.46953125 0.090234375 0.4421875
0 0.975390625 0.46796875 0.047265625 0.390625
0 0.962109375 0.5 0.073828125 0.4203125
0 0.665625 0.4390625 0.081640625 0.3984375
0 0.65546875 0.46796875 0.08046875 0.3953125
0 0.03515625 0.4328125 0.01484375 0.071875
0 0.569921875 0.39375 0.00703125 0.034375
0 0.571484375 0.39609375 0.00625 0.03203125
0 0.57734375 0.40390625 0.004296875 0.02265625
0 0.585546875 0.4 0.009765625 0.05078125
0 0.4890625 0.40546875 0.011328125 0.0546875
0 0.55546875 0.46796875 0.060546875 0.2984375
0 0.48828125 0.40703125 0.009765625 0.0484375
0 0.465625 0.409375 0.01171875 0.05625
0 0.53046875 0.43984375 0.0796875 0.38984375
0 0.551171875 0.45546875 0.07890625 0.3875
0 0.626953125 0.478125 0.090625 0.44453125
0 0.172265625 0.4234375 0.0109375 0.053125
0 0.4359375 0.4109375 0.003515625 0.0171875
0 0.440625 0.4078125 0.004296875 0.02265625
0 0.391015625 0.4015625 0.007421875 0.0359375
0 0.386328125 0.4015625 0.0078125 0.03984375
0 0.378515625 0.4140625 0.003125 0.015625
0 0.38203125 0.40546875 0.00625 0.03203125
0 0.38828125 0.41796875 0.011328125 0.05625
0 0.359375 0.403125 0.0078125 0.03828125
0 0.346875 0.40703125 0.009765625 0.04765625
0 0.35390625 0.4171875 0.012109375 0.06171875
0 0.20859375 0.415625 0.008203125 0.040625
0 0.28359375 0.49375 0.0546875 0.26640625
0 0.308984375 0.4515625 0.060546875 0.29765625
0 0.308984375 0.4890625 0.084375 0.41328125
0 0.066015625 0.4984375 0.056640625 0.278125
0 0.095703125 0.48359375 0.0703125 0.34453125
0 0.15625 0.4828125 0.07421875 0.36328125
0 0.121484375 0.5171875 0.068359375 0.3359375
0 0.023828125 0.5109375 0.047265625 0.2921875
0 0.240625 0.496875 0.095703125 0.46875
0 0.36171875 0.40390625 0.008203125 0.0421875
0 0.3390625 0.409375 0.01015625 0.0515625
0 0.719140625 0.3765625 0.00859375 0.04375
0 0.4078125 0.41328125 0.00234375 0.0140625
0 0.411328125 0.40546875 0.00546875 0.028125
0 0.415625 0.41328125 0.01015625 0.05390625
0 0.4046875 0.4046875 0.00625 0.03125
0 0.20390625 0.41328125 0.009375 0.0453125
0 0.247265625 0.4703125 0.069921875 0.340625
0 0.21640625 0.40703125 0.00859375 0.0265625
0 0.396875 0.41328125 0.01015625 0.05546875
0 0.430078125 0.4078125 0.00859375 0.0265625
0 0.452734375 0.40703125 0.00625 0.02421875
0 0.4671875 0.42890625 0.003125 0.00859375
0 0.4765625 0.41015625 0.0125 0.053125
0 0.750390625 0.3703125 0.03671875 0.03984375