0 0.81796875 0.3875 0.01171875 0.05859375
0 0.810546875 0.390625 0.0109375 0.0546875
0 0.83046875 0.38203125 0.013671875 0.0671875
0 0.8484375 0.3765625 0.01796875 0.08984375
0 0.83359375 0.38359375 0.0171875 0.084375
0 0.8609375 0.3765625 0.0171875 0.0859375
0 0.858984375 0.39765625 0.025390625 0.12421875
0 0.8765625 0.378125 0.0140625 0.0703125
0 0.891796875 0.38046875 0.012109375 0.059375
0 0.898828125 0.37890625 0.013671875 0.0703125
0 0.88046875 0.3765625 0.01484375 0.0734375
0 0.9140625 0.3734375 0.01875 0.09296875
0 0.928125 0.38203125 0.019140625 0.09375
0 0.944921875 0.37734375 0.019140625 0.09453125
0 0.937890625 0.38203125 0.01953125 0.096875
0 0.953125 0.38125 0.01640625 0.084375
0 0.962109375 0.37578125 0.019140625 0.0953125
0 0.965234375 0.38046875 0.02109375 0.10234375
0 0.952734375 0.3859375 0.021875 0.1078125
0 0.994140625 0.3734375 0.009765625 0.0796875
0 0.9875 0.37109375 0.015234375 0.0765625
0 0.971484375 0.4015625 0.0296875 0.1453125
0 0.978515625 0.4046875 0.03203125 0.1578125
0 0.88515625 0.40625 0.02421875 0.11875
0 0.696875 0.39921875 0.008203125 0.03984375
0 0.649609375 0.4 0.007421875 0.0375
0 0.628125 0.4 0.0078125 0.0390625
0 0.62109375 0.39765625 0.00859375 0.04375
0 0.60703125 0.4015625 0.007421875 0.0375
0 0.600390625 0.39921875 0.00625 0.03125
0 0.594140625 0.3984375 0.00703125 0.03515625
0 0.586328125 0.40234375 0.0078125 0.0390625
0 0.59296875 0.40625 0.00703125 0.0328125
0 0.5953125 0.409375 0.00390625 0.021875
0 0.348828125 0.42109375 0.00546875 0.025
0 0.341796875 0.421875 0.005859375 0.03125
0 0.33359375 0.4265625 0.00390625 0.01953125
0 0.328125 0.428125 0.003125 0.01640625
0 0.324609375 0.42734375 0.00390625 0.01875
0 0.313671875 0.42109375 0.00546875 0.0265625
0 0.31796875 0.41953125 0.00625 0.034375
0 0.29609375 0.42109375 0.00625 0.03203125
0 0.300390625 0.4125 0.01015625 0.05
0 0.309375 0.4203125 0.00703125 0.03515625
0 0.2859375 0.421875 0.00703125 0.0328125
0 0.276171875 0.41328125 0.01015625 0.05078125
0 0.2234375 0.42109375 0.007421875 0.0359375
0 0.23125 0.41484375 0.009765625 0.0484375
0 0.240625 0.4109375 0.011328125 0.0578125
0 0.212109375 0.4171875 0.009375 0.046875
0 0.19609375 0.4171875 0.009375 0.046875
0 0.18515625 0.415625 0.01640625 0.0828125
0 0.1734375 0.4140625 0.017578125 0.0859375
0 0.1421875 0.41640625 0.01015625 0.0515625
0 0.159765625 0.4390625 0.02578125 0.12890625
0 0.15 0.43828125 0.027734375 0.13671875
0 0.12734375 0.41328125 0.0125 0.06328125
0 0.130859375 0.4375 0.013671875 0.0703125
0 0.061328125 0.41328125 0.012109375 0.06171875
0 0.0953125 0.40703125 0.0140625 0.07109375
0 0.1125 0.425 0.0203125 0.103125
0 0.10390625 0.44921875 0.03125 0.1546875
0 0.0984375 0.45390625 0.0328125 0.16015625
0 0.07265625 0.45234375 0.0328125 0.16015625
0 0.038671875 0.41484375 0.019140625 0.096875
0 0.0421875 0.42265625 0.01875 0.09375
0 0.00390625 0.4234375 0.0078125 0.07109375
0 0.019140625 0.4203125 0.019140625 0.09375
0 0.90625 0.378125 0.01484375 0.0734375
0 0.2375 0.4265625 0.00390625 0.01953125
0 0.273828125 0.4296875 0.00234375 0.01953125
0 0.276171875 0.43671875 0.000390625 0.0046875
0 0.28203125 0.434375 0.003125 0.009375
0 0.2921875 0.43203125 0.004296875 0.0125
0 0.3 0.43828125 0.00078125 0.00078125
0 0.304296875 0.42265625 0.00625 0.03203125
0 0.633203125 0.4 0.008203125 0.04609375
0 0.668359375 0.40078125 0.0171875 0.03984375
0 0.825 0.38984375 0.0078125 0.0609375
0 0.841796875 0.3921875 0.0046875 0.04296875
0 0.8421875 0.35078125 0.004296875 0.0140625