0 0.45703125 0.15703125 0.0109375 0.053125
0 0.1140625 0.3421875 0.004296875 0.02265625
0 0.49140625 0.17421875 0.0109375 0.05390625
0 0.118359375 0.34296875 0.00546875 0.028125
0 0.180078125 0.3421875 0.005859375 0.028125
0 0.187109375 0.34453125 0.0046875 0.025
0 0.194140625 0.346875 0.004296875 0.02265625
0 0.15 0.42421875 0.028125 0.14140625
0 0.20234375 0.41796875 0.0234375 0.1171875
0 0.246484375 0.43671875 0.027734375 0.1390625
0 0.240234375 0.440625 0.029296875 0.14375
0 0.421484375 0.4015625 0.0046875 0.025
0 0.433984375 0.40546875 0.004296875 0.0234375
0 0.84296875 0.41328125 0.021875 0.10859375
0 0.15703125 0.34296875 0.007421875 0.028125
0 0.2015625 0.34765625 0.00625 0.0234375
0 0.474609375 0.4 0.001953125 0.00078125
0 0.646484375 0.39453125 0.00703125 0.0234375