0 0.27421875 0.4171875 0.0109375 0.05390625
0 0.6515625 0.403125 0.01015625 0.053125
0 0.146875 0.43125 0.02890625 0.140625
0 0.112890625 0.43046875 0.029296875 0.14375
0 0.019140625 0.4265625 0.01015625 0.0515625
0 0.03359375 0.42578125 0.01328125 0.06640625
0 0.24375 0.415625 0.00625 0.03203125
0 0.284375 0.41328125 0.009765625 0.05078125
0 0.289453125 0.41328125 0.01015625 0.0515625
0 0.29453125 0.4125 0.01171875 0.0609375
0 0.35078125 0.4109375 0.00390625 0.0203125
0 0.347265625 0.41015625 0.004296875 0.0234375
0 0.343359375 0.41171875 0.00390625 0.0203125
0 0.452734375 0.4125 0.005859375 0.0296875
0 0.46640625 0.4171875 0.013671875 0.06640625
0 0.47890625 0.4171875 0.003515625 0.01953125
0 0.503515625 0.40703125 0.0046875 0.0265625
0 0.500390625 0.4078125 0.0046875 0.0265625
0 0.492578125 0.4078125 0.00625 0.0328125
0 0.490234375 0.40703125 0.00703125 0.0359375
0 0.49609375 0.4078125 0.005859375 0.0296875
0 0.48671875 0.4078125 0.01640625 0.084375
0 0.535546875 0.4046875 0.00703125 0.0328125
0 0.53203125 0.40859375 0.008203125 0.03984375
0 0.571875 0.4 0.0078125 0.03984375
0 0.606640625 0.4 0.008203125 0.03984375
0 0.62265625 0.403125 0.0078125 0.0390625
0 0.640234375 0.3984375 0.0078125 0.0390625
0 0.640234375 0.40859375 0.00703125 0.034375
0 0.660546875 0.4 0.008203125 0.04375
0 0.6671875 0.39921875 0.009375 0.046875
0 0.42265625 0.4140625 0.005859375 0.0296875
0 0.091796875 0.4375 0.01640625 0.08203125
0 0.07890625 0.440625 0.028125 0.1390625