0 0.2015625 0.38984375 0.019921875 0.096875
0 0.263671875 0.39453125 0.015625 0.078125
0 0.271875 0.3953125 0.01484375 0.07421875
0 0.5578125 0.4171875 0.01484375 0.071875
0 0.671875 0.4046875 0.013671875 0.0703125
0 0.9859375 0.38515625 0.02578125 0.2
0 0.25546875 0.39765625 0.015234375 0.0765625
0 0.285546875 0.41484375 0.02421875 0.121875
0 0.65078125 0.375 0.001953125 0.0078125
0 0.651171875 0.3875 0.0015625 0.00390625
0 0.662109375 0.38203125 0.013671875 0.04375
0 0.666796875 0.42890625 0.003515625 0.01953125
0 0.666796875 0.4140625 0.0015625 0.00625