0 0.6359375 0.403125 0.01328125 0.065625
0 0.43828125 0.21796875 0.0125 0.0625
0 0.45859375 0.221875 0.01171875 0.0609375
0 0.48828125 0.22421875 0.01171875 0.059375
0 0.49765625 0.225 0.012109375 0.06171875
0 0.52421875 0.22734375 0.01171875 0.05859375
0 0.53984375 0.2328125 0.01015625 0.053125
0 0.54765625 0.2296875 0.0109375 0.05546875
0 0.55625 0.23515625 0.009765625 0.05
0 0.30625 0.20625 0.01328125 0.065625
0 0.37734375 0.39140625 0.01015625 0.0515625
0 0.39140625 0.38359375 0.00859375 0.0453125
0 0.41953125 0.38515625 0.003515625 0.01875
0 0.45546875 0.38984375 0.00703125 0.03515625
0 0.448828125 0.39140625 0.01015625 0.053125
0 0.4609375 0.39453125 0.009765625 0.0484375
0 0.47578125 0.4015625 0.0125 0.0625
0 0.486328125 0.39921875 0.0125 0.0640625
0 0.537890625 0.4125 0.02578125 0.12578125
0 0.51640625 0.4109375 0.0265625 0.1296875
0 0.1859375 0.38203125 0.01953125 0.09765625
0 0.24296875 0.39375 0.01640625 0.0828125
0 0.2609375 0.40234375 0.02109375 0.10546875
0 0.274609375 0.41015625 0.019921875 0.1
0 0.7453125 0.44453125 0.05 0.2453125
0 0.7296875 0.440625 0.05390625 0.2640625
0 0.695703125 0.4359375 0.05625 0.27421875
0 0.25546875 0.3890625 0.009765625 0.0453125
0 0.260546875 0.428125 0.003515625 0.0203125
0 0.26953125 0.428125 0.003125 0.0234375
0 0.2703125 0.371875 0.00390625 0.00625