0 0.449609375 0.3921875 0.007421875 0.03828125
0 0.422265625 0.3921875 0.0078125 0.03984375
0 0.402734375 0.39453125 0.009375 0.046875
0 0.3953125 0.3921875 0.0109375 0.053125
0 0.409765625 0.3890625 0.011328125 0.05625
0 0.8265625 0.40625 0.021875 0.1078125
0 0.85 0.396875 0.02265625 0.1125
0 0.356640625 0.39375 0.02890625 0.1421875
0 0.4828125 0.39765625 0.00703125 0.03515625
0 0.132421875 0.3546875 0.0140625 0.0703125
0 0.8734375 0.4015625 0.02421875 0.12109375
0 0.478515625 0.38984375 0.0046875 0.0171875
0 0.490625 0.39375 0.0078125 0.00859375
0 0.533203125 0.38984375 0.0109375 0.00859375
0 0.8390625 0.384375 0.00625 0.01484375