0 0.8390625 0.3828125 0.00703125 0.0328125
0 0.844140625 0.3875 0.008203125 0.04296875
0 0.850390625 0.3921875 0.008203125 0.0421875
0 0.87265625 0.39140625 0.009765625 0.0484375
0 0.866796875 0.3953125 0.00859375 0.0453125
0 0.93046875 0.3875 0.01015625 0.0515625
0 0.934765625 0.39765625 0.011328125 0.05625
0 0.89375 0.40625 0.01640625 0.084375
0 0.91171875 0.4046875 0.01640625 0.08203125
0 0.9234375 0.396875 0.0125 0.0640625
0 0.948828125 0.3921875 0.015234375 0.07421875
0 0.94453125 0.4015625 0.017578125 0.08671875
0 0.98125 0.39921875 0.01953125 0.096875
0 0.959375 0.4 0.017578125 0.0875
0 0.955859375 0.4109375 0.025 0.121875
0 0.974609375 0.41171875 0.0234375 0.1140625
0 0.9890625 0.4296875 0.01953125 0.15625
0 0.769921875 0.4421875 0.031640625 0.1578125
0 0.78359375 0.4328125 0.03671875 0.1796875
0 0.730859375 0.3921875 0.0046875 0.025
0 0.733984375 0.39140625 0.007421875 0.0359375
0 0.725 0.3953125 0.00546875 0.0265625
0 0.7203125 0.3953125 0.005859375 0.03046875
0 0.716015625 0.39375 0.00546875 0.028125
0 0.7109375 0.3953125 0.00390625 0.02265625
0 0.712109375 0.396875 0.004296875 0.0234375
0 0.443359375 0.4125 0.00859375 0.0453125
0 0.379296875 0.41796875 0.0078125 0.040625
0 0.39140625 0.40859375 0.0046875 0.0265625
0 0.36875 0.41953125 0.0078125 0.03984375
0 0.340625 0.4203125 0.00703125 0.03515625
0 0.3453125 0.4203125 0.008203125 0.0421875
0 0.324609375 0.42265625 0.0078125 0.03828125
0 0.33125 0.4203125 0.00859375 0.04296875
0 0.305078125 0.421875 0.01015625 0.053125
0 0.29296875 0.42265625 0.0078125 0.0390625
0 0.29765625 0.43515625 0.0140625 0.07109375
0 0.285546875 0.43828125 0.01328125 0.0671875
0 0.2546875 0.42734375 0.011328125 0.0578125
0 0.161328125 0.44296875 0.01328125 0.065625
0 0.213671875 0.4203125 0.00625 0.03203125
0 0.21953125 0.4359375 0.01484375 0.0734375
0 0.208203125 0.4359375 0.01328125 0.06640625
0 0.20390625 0.446875 0.017578125 0.0875
0 0.1046875 0.44921875 0.016015625 0.0796875
0 0.128125 0.45703125 0.015625 0.078125
0 0.1453125 0.4640625 0.02578125 0.1265625
0 0.1625 0.4453125 0.012109375 0.0609375
0 0.118359375 0.46796875 0.02578125 0.12890625
0 0.078515625 0.45703125 0.025 0.1234375
0 0.043359375 0.446875 0.017578125 0.08671875
0 0.037890625 0.46328125 0.023046875 0.1125
0 0.019921875 0.46171875 0.0234375 0.115625
0 0.0671875 0.490625 0.03515625 0.171875
0 0.70078125 0.39453125 0.00390625 0.01953125
0 0.178125 0.43046875 0.00859375 0.04296875
0 0.3515625 0.42109375 0.0078125 0.0390625
0 0.86015625 0.39296875 0.012109375 0.0515625
0 0.883984375 0.38984375 0.00625 0.0359375
0 0.902734375 0.39921875 0.01171875 0.0640625