0 0.511328125 0.334375 0.0078125 0.0390625
0 0.8640625 0.36015625 0.04453125 0.21796875
0 0.853515625 0.375 0.04296875 0.2125
0 0.946875 0.3578125 0.051171875 0.253125
0 0.43671875 0.3375 0.008203125 0.0421875
0 0.4421875 0.3421875 0.01015625 0.05078125
0 0.428515625 0.33984375 0.008203125 0.04296875
0 0.35859375 0.35234375 0.01015625 0.053125
0 0.056640625 0.38671875 0.015625 0.078125
0 0.06796875 0.3859375 0.0171875 0.084375
0 0.69375 0.4125 0.05546875 0.2734375
0 0.576171875 0.43046875 0.0578125 0.28203125
0 0.2453125 0.3609375 0.105078125 0.07421875
0 0.324609375 0.3484375 0.0015625 0.0125
0 0.32890625 0.36015625 0.003125 0.0359375
0 0.346484375 0.35859375 0.02109375 0.05546875
0 0.359765625 0.37578125 0.00078125 0.0015625
0 0.36875 0.35 0.012109375 0.03203125