0 0.469921875 0.465625 0.01015625 0.053125
0 0.040625 0.47578125 0.01484375 0.0734375
0 0.533203125 0.471875 0.021484375 0.10859375
0 0.494140625 0.46640625 0.021484375 0.10859375
0 0.444921875 0.4671875 0.0125 0.0625
0 0.478125 0.4625 0.01484375 0.07421875
0 0.419140625 0.4640625 0.015234375 0.07734375
0 0.2984375 0.46953125 0.02265625 0.11015625
0 0.14609375 0.4734375 0.0265625 0.13125
0 0.05 0.47734375 0.015234375 0.075
0 0.01640625 0.4734375 0.026953125 0.1296875
0 0.010546875 0.4703125 0.02109375 0.15234375
0 0.691796875 0.47421875 0.005859375 0.028125
0 0.429296875 0.4625 0.00625 0.00703125
0 0.43671875 0.4625 0.00546875 0.015625