0 0.5171875 0.396875 0.009375 0.0484375
0 0.6296875 0.38046875 0.007421875 0.03828125
0 0.621875 0.38359375 0.00703125 0.0359375
0 0.73359375 0.3796875 0.019921875 0.0984375
0 0.758203125 0.3828125 0.017578125 0.0875
0 0.37421875 0.3953125 0.00234375 0.0140625
0 0.375390625 0.39765625 0.00625 0.03046875
0 0.494921875 0.39921875 0.007421875 0.03828125
0 0.4875 0.4 0.007421875 0.03515625
0 0.48125 0.4015625 0.00703125 0.0328125
0 0.535546875 0.39375 0.0078125 0.040625
0 0.542578125 0.39765625 0.01015625 0.053125
0 0.566796875 0.3765625 0.01171875 0.01171875
0 0.5796875 0.384375 0.0015625 0.003125
0 0.58359375 0.3859375 0.00234375 0.0125