0 0.609765625 0.378125 0.011328125 0.05546875
0 0.597265625 0.38125 0.008203125 0.04296875
0 0.6046875 0.3796875 0.009765625 0.0484375
0 0.6 0.3796875 0.009765625 0.05
0 0.617578125 0.38046875 0.01015625 0.0515625
0 0.21640625 0.4109375 0.025390625 0.12578125
0 0.242578125 0.409375 0.025390625 0.12578125
0 0.259375 0.41171875 0.02421875 0.1203125
0 0.185546875 0.40234375 0.03125 0.1546875
0 0.150390625 0.409375 0.03125 0.153125
0 0.0921875 0.459375 0.062890625 0.309375
0 0.080859375 0.459375 0.074609375 0.36640625
0 0.4484375 0.38671875 0.0046875 0.025
0 0.458984375 0.38515625 0.0046875 0.02421875
0 0.35390625 0.39375 0.00078125 0.01484375
0 0.365625 0.390625 0.01796875 0.02734375