0 0.639453125 0.3765625 0.003515625 0.01875
0 0.623828125 0.38125 0.00625 0.0328125
0 0.57421875 0.3875 0.005859375 0.03046875
0 0.578515625 0.384375 0.00625 0.03125
0 0.6015625 0.3859375 0.005859375 0.03125
0 0.563671875 0.38828125 0.00625 0.034375
0 0.567578125 0.3859375 0.007421875 0.0375
0 0.436328125 0.40390625 0.00625 0.034375
0 0.4078125 0.4109375 0.005859375 0.028125
0 0.412890625 0.41015625 0.00546875 0.0296875
0 0.41796875 0.4078125 0.0046875 0.0265625
0 0.442578125 0.40546875 0.00625 0.03203125
0 0.44609375 0.40859375 0.00390625 0.01875
0 0.448828125 0.403125 0.00234375 0.0125
0 0.48359375 0.3953125 0.00546875 0.028125
0 0.495703125 0.40078125 0.003515625 0.01875
0 0.50078125 0.39921875 0.004296875 0.02265625
0 0.51015625 0.3890625 0.003515625 0.01953125
0 0.51484375 0.3859375 0.004296875 0.0234375
0 0.982421875 0.3296875 0.005859375 0.03125
0 0.99296875 0.3265625 0.0046875 0.0265625
0 0.9671875 0.33125 0.00546875 0.02734375
0 0.916796875 0.346875 0.009375 0.046875
0 0.8703125 0.35546875 0.012109375 0.0609375
0 0.894921875 0.37109375 0.01328125 0.06640625
0 0.68046875 0.3890625 0.00859375 0.04375
0 0.667578125 0.39375 0.013671875 0.06640625
0 0.903515625 0.35546875 0.011328125 0.0546875
0 0.58828125 0.38125 0.00546875 0.0296875
0 0.86328125 0.37734375 0.021484375 0.1046875
0 0.455078125 0.39921875 0.005859375 0.0296875
0 0.468359375 0.39921875 0.00546875 0.025
0 0.46328125 0.39921875 0.00703125 0.034375
0 0.505078125 0.38984375 0.00234375 0.01484375