0 0.26484375 0.403125 0.012109375 0.06171875
0 0.16171875 0.4328125 0.02734375 0.1359375
0 0.13359375 0.4390625 0.0265625 0.13125
0 0.312109375 0.4109375 0.015234375 0.075
0 0.3171875 0.4109375 0.021484375 0.10625
0 0.289453125 0.42109375 0.03515625 0.1734375
0 0.38046875 0.4203125 0.0265625 0.13125
0 0.509765625 0.4140625 0.048828125 0.23828125
0 0.605078125 0.4078125 0.05078125 0.24921875
0 0.569921875 0.4125 0.048828125 0.2390625
0 0.68125 0.396875 0.034765625 0.1703125
0 0.6953125 0.4171875 0.04296875 0.21171875
0 0.694140625 0.396875 0.053125 0.2609375
0 0.8046875 0.4234375 0.0828125 0.40625