0 0.555859375 0.35546875 0.008203125 0.04296875
0 0.681640625 0.340625 0.017578125 0.08515625
0 0.6359375 0.36796875 0.026953125 0.13359375
0 0.008984375 0.38828125 0.01796875 0.14140625
0 0.0828125 0.33515625 0.015234375 0.0765625
0 0.129296875 0.34296875 0.01953125 0.096875
0 0.01796875 0.39609375 0.0359375 0.20234375
0 0.06484375 0.378125 0.034375 0.16875
0 0.26015625 0.3578125 0.0140625 0.0703125
0 0.2828125 0.34453125 0.021875 0.1078125
0 0.187109375 0.36875 0.033203125 0.1640625
0 0.15390625 0.37109375 0.03203125 0.1578125
0 0.240625 0.35625 0.027734375 0.1375
0 0.237109375 0.3609375 0.02890625 0.14375
0 0.269921875 0.36796875 0.025390625 0.12578125
0 0.433203125 0.35078125 0.009765625 0.04765625
0 0.53671875 0.36796875 0.028125 0.13984375
0 0.478125 0.36796875 0.030859375 0.1515625
0 0.5296875 0.365625 0.00625 0.03125
0 0.17109375 0.371875 0.02578125 0.09375
0 0.173828125 0.4046875 0.001953125 0.0046875
0 0.195703125 0.3828125 0.00859375 0.071875
0 0.206640625 0.37421875 0.00546875 0.0671875
0 0.209375 0.41875 0.0015625 0.003125
0 0.21953125 0.39921875 0.011328125 0.03984375
0 0.7765625 0.3328125 0.00546875 0.0171875
0 0.78359375 0.3296875 0.005859375 0.01484375
0 0.8703125 0.34140625 0.021484375 0.0359375