0 0.7875 0.3546875 0.009765625 0.05
0 0.874609375 0.353125 0.0203125 0.1015625
0 0.932421875 0.36015625 0.021875 0.10859375
0 0.896875 0.35625 0.023828125 0.1171875
0 0.968359375 0.35546875 0.0265625 0.12890625
0 0.903515625 0.3625 0.027734375 0.13671875
0 0.98515625 0.353125 0.02734375 0.2640625
0 0.253125 0.38671875 0.016015625 0.0796875
0 0.58828125 0.425 0.0828125 0.40546875
0 0.55 0.45703125 0.073828125 0.3609375
0 0.240625 0.3953125 0.013671875 0.0671875
0 0.269140625 0.3859375 0.013671875 0.0671875
0 0.328125 0.4515625 0.0828125 0.40625
0 0.38359375 0.4390625 0.09375 0.4578125
0 0.496484375 0.35859375 0.01640625 0.01640625