0 0.15546875 0.3625 0.00703125 0.0328125
0 0.28203125 0.3890625 0.005859375 0.03125
0 0.928515625 0.05390625 0.011328125 0.05546875
0 0.9234375 0.05546875 0.01171875 0.059375
0 0.169140625 0.3625 0.009375 0.04765625
0 0.18125 0.36640625 0.008203125 0.040625
0 0.918359375 0.41328125 0.030859375 0.153125
0 0.646484375 0.39765625 0.009765625 0.05078125
0 0.630078125 0.3921875 0.01015625 0.053125
0 0.62421875 0.40078125 0.017578125 0.08671875
0 0.62421875 0.4078125 0.01796875 0.0890625
0 0.76484375 0.4125 0.017578125 0.0875
0 0.637109375 0.4203125 0.029296875 0.14375
0 0.05390625 0.4015625 0.016015625 0.07890625
0 0.160546875 0.359375 0.00859375 0.0453125
0 0.27890625 0.3875 0.007421875 0.0375
0 0.265625 0.38984375 0.0078125 0.0390625
0 0.27421875 0.38671875 0.007421875 0.0375
0 0.2546875 0.38984375 0.007421875 0.0390625
0 0.249609375 0.3875 0.007421875 0.0375
0 0.488671875 0.39453125 0.00546875 0.0296875
0 0.53828125 0.39921875 0.007421875 0.0375
0 0.247265625 0.37421875 0.004296875 0.0234375
0 0.737109375 0.41328125 0.025 0.1234375
0 0.70546875 0.4125 0.025390625 0.1265625
0 0.728515625 0.4015625 0.02734375 0.13671875
0 0.75078125 0.41171875 0.0296875 0.14765625
0 0.72734375 0.421875 0.03203125 0.1578125
0 0.74765625 0.43125 0.03515625 0.171875
0 0.792578125 0.41328125 0.02578125 0.12890625
0 0.78671875 0.4078125 0.02109375 0.1046875
0 0.77578125 0.41328125 0.034765625 0.17109375
0 0.853125 0.4125 0.025390625 0.125
0 0.857421875 0.4203125 0.0265625 0.1296875
0 0.86953125 0.42109375 0.027734375 0.13671875
0 0.8796875 0.41640625 0.03046875 0.14921875
0 0.8140625 0.415625 0.033203125 0.1625
0 0.825390625 0.41328125 0.038671875 0.18828125
0 0.820703125 0.42265625 0.0390625 0.1921875
0 0.918359375 0.059375 0.01171875 0.05859375
0 0.912890625 0.09765625 0.009375 0.046875
0 0.01484375 0.39140625 0.01328125 0.06640625
0 0.5734375 0.40234375 0.0171875 0.084375
0 0.551953125 0.40078125 0.01796875 0.0890625
0 0.6734375 0.40703125 0.0234375 0.1171875
0 0.65703125 0.43125 0.025390625 0.125
0 0.675 0.42109375 0.031640625 0.1546875
0 0.521484375 0.37578125 0.009765625 0.0265625