0 0.0484375 0.43046875 0.011328125 0.05625
0 0.112109375 0.42578125 0.0140625 0.0703125
0 0.1046875 0.42578125 0.0140625 0.0703125
0 0.1296875 0.44765625 0.01953125 0.0984375
0 0.140234375 0.446875 0.033203125 0.1625
0 0.19140625 0.4515625 0.0265625 0.1296875
0 0.175390625 0.45546875 0.025390625 0.12421875
0 0.1796875 0.46015625 0.029296875 0.1453125
0 0.203515625 0.44921875 0.03359375 0.165625
0 0.0171875 0.4421875 0.017578125 0.0890625
0 0.27578125 0.4421875 0.02734375 0.13359375
0 0.26875 0.4484375 0.0359375 0.1765625
0 0.255859375 0.45546875 0.03515625 0.17265625
0 0.235546875 0.4546875 0.034765625 0.171875
0 0.29375 0.4546875 0.029296875 0.1421875
0 0.334375 0.4421875 0.021875 0.1078125
0 0.303515625 0.45625 0.038671875 0.1890625
0 0.317578125 0.4578125 0.038671875 0.18828125
0 0.4765625 0.42890625 0.01953125 0.096875
0 0.429296875 0.434375 0.01953125 0.0953125
0 0.400390625 0.46796875 0.03984375 0.196875
0 0.444140625 0.43125 0.02109375 0.1015625
0 0.425 0.459375 0.033203125 0.16328125
0 0.419140625 0.46796875 0.040625 0.19921875
0 0.4625 0.45546875 0.03515625 0.17265625
0 0.516796875 0.4234375 0.015234375 0.0734375
0 0.520703125 0.43984375 0.019140625 0.09296875
0 0.511328125 0.45 0.02265625 0.1109375
0 0.554296875 0.4453125 0.025390625 0.125
0 0.530859375 0.4546875 0.0203125 0.10234375
0 0.539453125 0.44453125 0.02890625 0.14375
0 0.58984375 0.4234375 0.01953125 0.0953125
0 0.574609375 0.45234375 0.04453125 0.21875
0 0.653125 0.42421875 0.0171875 0.0828125
0 0.64296875 0.425 0.017578125 0.08671875
0 0.63046875 0.425 0.01875 0.09296875
0 0.603125 0.4671875 0.04765625 0.23515625
0 0.68671875 0.415625 0.02109375 0.1046875
0 0.679296875 0.46640625 0.037109375 0.1828125
0 0.772265625 0.45625 0.042578125 0.21015625
0 0.667578125 0.46015625 0.052734375 0.2578125
0 0.947265625 0.4640625 0.05078125 0.25078125
0 0.71015625 0.45078125 0.0578125 0.284375
0 0.7453125 0.46796875 0.054296875 0.2640625
0 0.79453125 0.4515625 0.04375 0.215625
0 0.621875 0.39453125 0.008203125 0.0328125
0 0.624609375 0.4421875 0.008203125 0.03515625
0 0.634375 0.3859375 0.012109375 0.01875
0 0.63828125 0.4453125 0.00234375 0.0234375