0 0.29765625 0.415625 0.00546875 0.0296875
0 0.325390625 0.41328125 0.00546875 0.0265625
0 0.333984375 0.41484375 0.005859375 0.03125
0 0.340234375 0.41171875 0.005859375 0.028125
0 0.43828125 0.4328125 0.021875 0.109375
0 0.4390625 0.440625 0.0203125 0.103125
0 0.471484375 0.44609375 0.030859375 0.15234375
0 0.44296875 0.4421875 0.03359375 0.165625
0 0.663671875 0.45078125 0.038671875 0.18828125
0 0.6140625 0.44453125 0.041015625 0.2015625
0 0.708984375 0.4375 0.04296875 0.209375
0 0.879296875 0.4328125 0.0625 0.30625
0 0.92421875 0.45546875 0.074609375 0.36640625
0 0.866015625 0.44609375 0.08046875 0.3921875
0 0.834765625 0.440625 0.089453125 0.4359375
0 0.8703125 0.421875 0.062109375 0.3046875
0 0.423828125 0.3890625 0.01171875 0.0296875