0 0.96171875 0.35703125 0.004296875 0.02421875
0 0.965625 0.3578125 0.0046875 0.0265625
0 0.665234375 0.365625 0.00546875 0.0265625
0 0.656640625 0.37265625 0.00859375 0.04375
0 0.64765625 0.371875 0.003515625 0.01875
0 0.652734375 0.3734375 0.009375 0.0453125
0 0.6265625 0.37421875 0.01015625 0.05078125
0 0.617578125 0.37578125 0.00859375 0.0421875
0 0.625390625 0.37734375 0.009375 0.04609375
0 0.621484375 0.37578125 0.01015625 0.0515625
0 0.575 0.3515625 0.004296875 0.0234375
0 0.5703125 0.3484375 0.005859375 0.028125
0 0.566015625 0.34609375 0.0046875 0.02421875
0 0.5609375 0.346875 0.00625 0.03203125
0 0.566796875 0.365625 0.00703125 0.03515625
0 0.572265625 0.38203125 0.009765625 0.04765625
0 0.52890625 0.3453125 0.008203125 0.040625
0 0.53515625 0.34765625 0.0078125 0.0390625
0 0.49296875 0.34609375 0.00625 0.03203125
0 0.503515625 0.3453125 0.00703125 0.03515625
0 0.5109375 0.3484375 0.00703125 0.03203125
0 0.51328125 0.34453125 0.007421875 0.0375
0 0.5171875 0.3453125 0.008203125 0.0421875
0 0.505859375 0.35 0.0078125 0.03828125
0 0.497265625 0.346875 0.007421875 0.0375
0 0.45390625 0.3453125 0.007421875 0.0375
0 0.460546875 0.34296875 0.00859375 0.0453125
0 0.4671875 0.3453125 0.007421875 0.03828125
0 0.47265625 0.34375 0.00859375 0.0453125
0 0.480078125 0.3484375 0.00703125 0.034375
0 0.39765625 0.34453125 0.009375 0.04765625
0 0.390625 0.346875 0.00859375 0.046875
0 0.4109375 0.3484375 0.009765625 0.04765625
0 0.40703125 0.340625 0.009375 0.046875
0 0.400390625 0.3484375 0.009765625 0.0484375
0 0.405078125 0.3484375 0.009375 0.04765625
0 0.42734375 0.34765625 0.005859375 0.03125
0 0.4234375 0.3484375 0.008203125 0.03984375
0 0.41640625 0.3421875 0.008203125 0.040625
0 0.4328125 0.34296875 0.007421875 0.0359375
0 0.4515625 0.3421875 0.0078125 0.0390625
0 0.4359375 0.34453125 0.00703125 0.034375
0 0.44375 0.3484375 0.009375 0.046875
0 0.367578125 0.3390625 0.012109375 0.059375
0 0.351953125 0.3484375 0.007421875 0.0375
0 0.35625 0.3390625 0.011328125 0.0546875
0 0.36796875 0.34296875 0.009375 0.04765625
0 0.465234375 0.38203125 0.009765625 0.0484375
0 0.472265625 0.3859375 0.011328125 0.05546875
0 0.416015625 0.378125 0.00859375 0.0453125
0 0.422265625 0.37890625 0.009375 0.0453125
0 0.4359375 0.38359375 0.009375 0.04765625
0 0.426171875 0.384375 0.01015625 0.053125
0 0.449609375 0.38359375 0.01015625 0.0515625
0 0.40703125 0.3953125 0.011328125 0.05546875
0 0.413671875 0.38984375 0.0125 0.06328125
0 0.340234375 0.34453125 0.0078125 0.0390625
0 0.325390625 0.34296875 0.009375 0.0484375
0 0.32890625 0.346875 0.0078125 0.0390625
0 0.320703125 0.340625 0.011328125 0.05546875
0 0.29296875 0.3390625 0.0109375 0.0546875
0 0.29765625 0.340625 0.0109375 0.053125
0 0.179296875 0.33515625 0.01328125 0.065625
0 0.2046875 0.346875 0.009375 0.04609375
0 0.2140625 0.34765625 0.009375 0.046875
0 0.208203125 0.34765625 0.009375 0.0453125
0 0.2453125 0.3484375 0.008203125 0.04375
0 0.266796875 0.346875 0.008203125 0.0421875
0 0.25078125 0.346875 0.009375 0.0453125
0 0.258984375 0.34296875 0.011328125 0.05625
0 0.224609375 0.34765625 0.009765625 0.046875
0 0.23515625 0.34453125 0.01015625 0.0515625
0 0.23125 0.34609375 0.0109375 0.05390625
0 0.240625 0.3453125 0.0109375 0.0546875
0 0.199609375 0.3453125 0.0109375 0.0515625
0 0.193359375 0.34453125 0.00859375 0.04609375
0 0.1890625 0.33984375 0.012109375 0.0609375
0 0.152734375 0.3390625 0.011328125 0.05546875
0 0.14375 0.33359375 0.0125 0.06328125
0 0.0890625 0.3453125 0.01015625 0.05390625
0 0.06015625 0.33515625 0.01484375 0.0734375
0 0.074609375 0.3578125 0.0109375 0.05390625
0 0.051171875 0.3234375 0.01484375 0.07421875
0 0.031640625 0.33515625 0.01015625 0.053125
0 0.038671875 0.325 0.01328125 0.06640625
0 0.0109375 0.321875 0.01328125 0.065625
0 0.01875 0.31953125 0.01484375 0.0734375
0 0.023046875 0.32265625 0.0140625 0.06953125
0 0.573828125 0.38359375 0.01171875 0.05859375
0 0.55546875 0.3734375 0.009375 0.04609375
0 0.066796875 0.40234375 0.016015625 0.0796875
0 0.071484375 0.39921875 0.019140625 0.09453125
0 0.790625 0.36640625 0.00546875 0.02734375
0 0.504296875 0.4171875 0.02421875 0.12109375
0 0.631640625 0.36015625 0.00546875 0.0265625