0 0.226953125 0.440625 0.019921875 0.1
0 0.246484375 0.41796875 0.00625 0.0328125
0 0.520703125 0.4328125 0.031640625 0.1578125
0 0.548046875 0.43046875 0.031640625 0.15703125
0 0.58046875 0.4484375 0.0578125 0.284375
0 0.76640625 0.43046875 0.058984375 0.28984375
0 0.6421875 0.4515625 0.06875 0.3359375
0 0.707421875 0.44140625 0.05078125 0.2484375
0 0.7546875 0.4484375 0.05703125 0.28125
0 0.769921875 0.45390625 0.062109375 0.303125
0 0.5875 0.459375 0.06015625 0.29296875
0 0.54765625 0.43046875 0.03359375 0.1671875
0 0.250390625 0.41953125 0.00703125 0.034375
0 0.300390625 0.415625 0.008203125 0.040625