0 0.660546875 0.409375 0.008203125 0.040625
0 0.5375 0.41875 0.0078125 0.040625
0 0.31015625 0.42109375 0.013671875 0.06953125
0 0.301171875 0.421875 0.0140625 0.0703125
0 0.096875 0.45234375 0.059375 0.29296875
0 0.085546875 0.4578125 0.080078125 0.38984375
0 0.67265625 0.41171875 0.01015625 0.0515625
0 0.49453125 0.4703125 0.042578125 0.21015625
0 0.584765625 0.43828125 0.026953125 0.13203125
0 0.8625 0.44296875 0.028125 0.1375
0 0.846875 0.44453125 0.029296875 0.1453125
0 0.89609375 0.44375 0.03828125 0.1875
0 0.016015625 0.4625 0.03203125 0.28125