0 0.9890625 0.2640625 0.019921875 0.10625
0 0.39140625 0.38984375 0.005859375 0.028125
0 0.39609375 0.3890625 0.00625 0.03203125
0 0.4140625 0.3875 0.005859375 0.03046875
0 0.409765625 0.38671875 0.005859375 0.0296875
0 0.48828125 0.36796875 0.0078125 0.0390625
0 0.712109375 0.3703125 0.016015625 0.07890625
0 0.751171875 0.33359375 0.015234375 0.075
0 0.96796875 0.2828125 0.0171875 0.0859375
0 0.828515625 0.36484375 0.02578125 0.128125
0 0.95546875 0.3375 0.0296875 0.1453125
0 0.964453125 0.35859375 0.0375 0.184375
0 0.66640625 0.35625 0.009375 0.046875
0 0.66328125 0.37109375 0.0140625 0.0703125
0 0.67421875 0.3640625 0.012109375 0.0609375
0 0.70234375 0.36875 0.01484375 0.071875
0 0.692578125 0.37265625 0.0140625 0.07109375
0 0.684765625 0.365625 0.0140625 0.06875
0 0.678125 0.36796875 0.01328125 0.065625
0 0.7 0.3703125 0.015625 0.07734375
0 0.728515625 0.3625 0.01484375 0.07421875
0 0.73203125 0.359375 0.01484375 0.07421875
0 0.737109375 0.35625 0.016015625 0.0796875
0 0.86015625 0.3640625 0.028125 0.1390625
0 0.8578125 0.3609375 0.031640625 0.15546875
0 0.844921875 0.3703125 0.0328125 0.1609375
0 0.88046875 0.3859375 0.038671875 0.18828125
0 0.82421875 0.34765625 0.01875 0.0921875
0 0.78828125 0.37109375 0.03046875 0.1484375
0 0.38203125 0.38125 0.005859375 0.00625
0 0.40703125 0.3640625 0.016015625 0.0109375
0 0.4234375 0.36640625 0.01328125 0.021875
0 0.435546875 0.36640625 0.0078125 0.0234375
0 0.4625 0.378125 0.0265625 0.04609375
0 0.4796875 0.359375 0.00390625 0.0078125
0 0.48515625 0.35859375 0.00390625 0.00859375
0 0.5 0.35859375 0.015625 0.015625