0 0.765234375 0.35 0.00625 0.03203125
0 0.769921875 0.35078125 0.00625 0.03125
0 0.554296875 0.3390625 0.009765625 0.05078125
0 0.550390625 0.3390625 0.011328125 0.0578125
0 0.533984375 0.3375 0.01015625 0.05078125
0 0.54296875 0.3375 0.0109375 0.0546875
0 0.367578125 0.35078125 0.009375 0.04609375
0 0.339453125 0.34453125 0.0140625 0.0703125
0 0.35703125 0.34453125 0.01796875 0.0890625
0 0.3515625 0.3421875 0.0203125 0.10234375
0 0.31484375 0.30703125 0.019140625 0.09296875
0 0.307421875 0.30625 0.019140625 0.09453125
0 0.27421875 0.30625 0.01875 0.09296875
0 0.237890625 0.29609375 0.01796875 0.0890625
0 0.387109375 0.35625 0.01796875 0.08984375
0 0.226953125 0.28046875 0.021875 0.1078125
0 0.09921875 0.37578125 0.0265625 0.13125
0 0.10390625 0.38125 0.025390625 0.12578125
0 0.096875 0.38046875 0.02734375 0.13359375
0 0.413671875 0.38359375 0.02578125 0.128125
0 0.9140625 0.3421875 0.00859375 0.0453125
0 0.73984375 0.38203125 0.02109375 0.103125
0 0.755078125 0.37421875 0.025 0.1234375
0 0.5640625 0.396875 0.0265625 0.12890625
0 0.587890625 0.3953125 0.02734375 0.134375
0 0.64140625 0.40546875 0.027734375 0.13671875
0 0.659375 0.4171875 0.02890625 0.140625
0 0.515625 0.33828125 0.005859375 0.0359375
0 0.5296875 0.321875 0.003125 0.00703125
0 0.529296875 0.33984375 0.00078125 0.015625
0 0.538671875 0.3203125 0.0046875 0.01171875
0 0.53828125 0.3453125 0.003515625 0.0328125
0 0.54375 0.3546875 0.003515625 0.01484375
0 0.545703125 0.315625 0.003515625 0.00703125
0 0.5484375 0.3609375 0.00078125 0.003125
0 0.86015625 0.3546875 0.015234375 0.02734375
0 0.856640625 0.39375 0.0015625 0.0109375
0 0.8625 0.39140625 0.005859375 0.0125