0 0.9875 0.35 0.0234375 0.22734375
0 0.833203125 0.36484375 0.023828125 0.1203125
0 0.8328125 0.3734375 0.025390625 0.125
0 0.639453125 0.378125 0.007421875 0.0375
0 0.714453125 0.3859375 0.012109375 0.0609375
0 0.84140625 0.37265625 0.03125 0.15546875
0 0.780859375 0.37578125 0.0296875 0.146875
0 0.726953125 0.37890625 0.0171875 0.084375
0 0.73984375 0.3828125 0.03359375 0.1640625
0 0.64765625 0.38203125 0.016015625 0.0796875
0 0.70546875 0.3796875 0.015625 0.07890625
0 0.6875 0.37578125 0.01875 0.090625
0 0.65859375 0.38203125 0.015234375 0.075
0 0.6203125 0.384375 0.00859375 0.04375
0 0.672265625 0.38359375 0.02109375 0.10234375
0 0.632421875 0.3828125 0.0125 0.0640625
0 0.60859375 0.3859375 0.011328125 0.05625
0 0.59765625 0.378125 0.00703125 0.03515625
0 0.523046875 0.37734375 0.004296875 0.02421875
0 0.516015625 0.3765625 0.004296875 0.02265625
0 0.45390625 0.38984375 0.005859375 0.03046875
0 0.40859375 0.39375 0.00703125 0.0359375
0 0.39140625 0.39921875 0.00703125 0.0328125
0 0.6609375 0.378125 0.013671875 0.0671875
0 0.396875 0.3953125 0.007421875 0.0375
0 0.388671875 0.396875 0.0078125 0.03828125
0 0.32578125 0.39375 0.00625 0.0328125
0 0.351953125 0.39296875 0.005859375 0.028125
0 0.337109375 0.39765625 0.00546875 0.02734375
0 0.33046875 0.390625 0.0046875 0.025
0 0.33359375 0.409375 0.00703125 0.0328125
0 0.33046875 0.4125 0.0078125 0.0390625
0 0.321484375 0.3953125 0.00546875 0.0265625
0 0.31796875 0.3953125 0.00546875 0.028125
0 0.30390625 0.3984375 0.00546875 0.02734375