0 0.0984375 0.43984375 0.0140625 0.06953125
0 0.14296875 0.45 0.012109375 0.0609375
0 0.152734375 0.45 0.013671875 0.06953125
0 0.18828125 0.4453125 0.0140625 0.071875
0 0.17265625 0.45 0.01328125 0.06640625
0 0.2015625 0.4375 0.009375 0.046875
0 0.21171875 0.4453125 0.01015625 0.05078125
0 0.23125 0.415625 0.0046875 0.0265625
0 0.234765625 0.4328125 0.007421875 0.0375
0 0.42109375 0.40625 0.015234375 0.07421875
0 0.4046875 0.40703125 0.008203125 0.040625
0 0.375 0.41484375 0.0078125 0.0390625
0 0.36484375 0.41875 0.008203125 0.0421875
0 0.35859375 0.41875 0.00859375 0.04375
0 0.344140625 0.41875 0.007421875 0.0375
0 0.348046875 0.4171875 0.0078125 0.03984375
0 0.28125 0.41484375 0.005859375 0.028125
0 0.278125 0.428125 0.008203125 0.040625
0 0.269140625 0.43125 0.007421875 0.0390625
0 0.274609375 0.4296875 0.008203125 0.040625
0 0.3078125 0.42890625 0.01015625 0.05
0 0.29453125 0.4359375 0.009765625 0.0484375
0 0.85859375 0.37421875 0.044921875 0.21953125
0 0.852734375 0.36328125 0.051171875 0.2515625
0 0.5640625 0.39140625 0.0328125 0.1625
0 0.566796875 0.3796875 0.037109375 0.184375
0 0.5453125 0.39140625 0.03203125 0.16015625
0 0.526953125 0.42265625 0.06015625 0.29296875
0 0.5921875 0.42578125 0.05859375 0.2875
0 0.6453125 0.36640625 0.05 0.24375
0 0.689453125 0.3703125 0.05078125 0.25
0 0.7171875 0.3640625 0.0515625 0.2546875
0 0.719140625 0.3765625 0.0515625 0.253125
0 0.675390625 0.39140625 0.06328125 0.3109375
0 0.6546875 0.409375 0.064453125 0.31640625
0 0.7859375 0.35859375 0.05703125 0.2796875
0 0.75625 0.3796875 0.055078125 0.26953125
0 0.22421875 0.43671875 0.008203125 0.0390625
0 0.242578125 0.43203125 0.0078125 0.03984375
0 0.332421875 0.40546875 0.00390625 0.021875
0 0.767578125 0.3671875 0.04765625 0.234375
0 0.206640625 0.4234375 0.0328125 0.040625
0 0.22734375 0.42265625 0.00234375 0.01171875