0 0.382421875 0.3265625 0.00390625 0.021875
0 0.378125 0.328125 0.003515625 0.0171875
0 0.37421875 0.32734375 0.003125 0.015625
0 0.351171875 0.32734375 0.003515625 0.01953125
0 0.3453125 0.328125 0.003125 0.0171875
0 0.33828125 0.334375 0.0078125 0.0390625
0 0.3171875 0.33828125 0.01015625 0.0515625
0 0.32265625 0.3390625 0.0109375 0.05390625
0 0.30859375 0.34140625 0.0109375 0.05390625
0 0.293359375 0.340625 0.0125 0.0640625
0 0.281640625 0.34453125 0.012109375 0.059375
0 0.4234375 0.32890625 0.0046875 0.0234375
0 0.42734375 0.32890625 0.0046875 0.02265625
0 0.44921875 0.325 0.005859375 0.03125
0 0.44296875 0.3296875 0.00390625 0.021875
0 0.4359375 0.32890625 0.00546875 0.028125
0 0.433203125 0.32734375 0.005859375 0.03203125
0 0.475 0.3296875 0.004296875 0.021875
0 0.473046875 0.3296875 0.00390625 0.0203125
0 0.468359375 0.32734375 0.00546875 0.028125
0 0.459765625 0.33125 0.004296875 0.0234375
0 0.487890625 0.3296875 0.0046875 0.02421875
0 0.49375 0.32734375 0.005859375 0.0296875
0 0.50625 0.32734375 0.005859375 0.0296875
0 0.523046875 0.3296875 0.005859375 0.0296875
0 0.535546875 0.328125 0.005859375 0.03125
0 0.538671875 0.33125 0.007421875 0.0390625
0 0.544140625 0.33125 0.007421875 0.0375
0 0.5484375 0.33203125 0.00859375 0.04296875
0 0.553515625 0.3265625 0.00625 0.03125
0 0.5421875 0.33203125 0.0078125 0.040625
0 0.6796875 0.32734375 0.005859375 0.03125
0 0.675390625 0.34375 0.01484375 0.07421875
0 0.66953125 0.3453125 0.0140625 0.0703125
0 0.55546875 0.31953125 0.003125 0.01640625
0 0.56875 0.32890625 0.008203125 0.0421875
0 0.58046875 0.3296875 0.0078125 0.03984375
0 0.5859375 0.3296875 0.0078125 0.03984375
0 0.59296875 0.33828125 0.0125 0.06171875
0 0.587109375 0.35 0.01328125 0.065625
0 0.6015625 0.3296875 0.0109375 0.0546875
0 0.61953125 0.334375 0.012109375 0.0609375
0 0.609765625 0.346875 0.0140625 0.071875
0 0.633203125 0.3578125 0.0171875 0.08515625
0 0.61796875 0.359375 0.01640625 0.08203125
0 0.808203125 0.37890625 0.0359375 0.178125
0 0.7546875 0.38671875 0.0375 0.18359375
0 0.730078125 0.39921875 0.040625 0.19921875
0 0.782421875 0.39375 0.054296875 0.265625
0 0.826953125 0.4078125 0.04921875 0.24296875
0 0.890234375 0.4015625 0.05390625 0.2640625
0 0.8546875 0.42265625 0.055078125 0.26953125
0 0.839453125 0.42265625 0.058203125 0.28515625
0 0.9265625 0.4234375 0.0546875 0.26875
0 0.906640625 0.4203125 0.056640625 0.27734375
0 0.97578125 0.42109375 0.046484375 0.3140625
0 0.922265625 0.42890625 0.062890625 0.30859375
0 0.956640625 0.44921875 0.076171875 0.3734375
0 0.728125 0.40546875 0.05390625 0.2640625
0 0.51875 0.3328125 0.005859375 0.03046875
0 0.0296875 0.3796875 0.01484375 0.0734375
0 0.54765625 0.34765625 0.01015625 0.053125
0 0.577734375 0.3578125 0.019140625 0.09375
0 0.5609375 0.36796875 0.0234375 0.11640625