0 0.353125 0.3890625 0.0015625 0.00859375
0 0.35546875 0.3921875 0.001953125 0.009375
0 0.321484375 0.22890625 0.01015625 0.0515625
0 0.546875 0.39375 0.0046875 0.025
0 0.215234375 0.2359375 0.009765625 0.04765625
0 0.55078125 0.39375 0.00390625 0.02265625
0 0.246875 0.23515625 0.01015625 0.05
0 0.2828125 0.23125 0.011328125 0.05390625
0 0.220703125 0.2328125 0.0109375 0.05546875
0 0.253515625 0.23359375 0.01015625 0.05078125
0 0.555078125 0.3921875 0.004296875 0.021875
0 0.321484375 0.22421875 0.01328125 0.065625
0 0.365234375 0.23046875 0.009765625 0.0484375
0 0.4 0.22734375 0.0109375 0.0546875
0 0.33984375 0.234375 0.009765625 0.0484375
0 0.405859375 0.228125 0.011328125 0.05625
0 0.4609375 0.22734375 0.009765625 0.0484375
0 0.46796875 0.2234375 0.01171875 0.05859375
0 0.533984375 0.22578125 0.01015625 0.05078125
0 0.45625 0.23125 0.00859375 0.04609375
0 0.47734375 0.225 0.01171875 0.0578125
0 0.491796875 0.22578125 0.0109375 0.05546875
0 0.505859375 0.2234375 0.01171875 0.0578125
0 0.43203125 0.23125 0.0109375 0.05390625
0 0.5578125 0.39140625 0.004296875 0.0234375
0 0.573828125 0.228125 0.008203125 0.0421875
0 0.5890625 0.228125 0.009765625 0.0484375
0 0.605859375 0.22578125 0.01015625 0.05078125
0 0.613671875 0.22578125 0.01015625 0.053125
0 0.620703125 0.22734375 0.00859375 0.04609375
0 0.65625 0.23046875 0.009765625 0.046875
0 0.625 0.228125 0.009765625 0.0484375
0 0.56328125 0.22421875 0.0109375 0.05390625
0 0.646875 0.2328125 0.00859375 0.0453125
0 0.543359375 0.22421875 0.01171875 0.0578125
0 0.5625 0.39140625 0.00390625 0.021875
0 0.2953125 0.23515625 0.009765625 0.0484375
0 0.16328125 0.23828125 0.011328125 0.05625
0 0.5828125 0.39375 0.0046875 0.025
0 0.634765625 0.3890625 0.00703125 0.034375
0 0.6421875 0.3890625 0.00703125 0.03515625
0 0.691015625 0.3875 0.007421875 0.03828125
0 0.70625 0.3890625 0.00859375 0.0453125
0 0.6734375 0.3859375 0.007421875 0.0375
0 0.35 0.41328125 0.004296875 0.02421875
0 0.59453125 0.3171875 0.00546875 0.015625
0 0.611328125 0.3015625 0.005859375 0.0125