0 0.43828125 0.39375 0.005859375 0.0296875
0 0.4953125 0.38984375 0.003515625 0.01875
0 0.498046875 0.38984375 0.00390625 0.01953125
0 0.52734375 0.390625 0.005859375 0.03125
0 0.63125 0.39375 0.007421875 0.0375
0 0.5625 0.409375 0.01484375 0.0734375
0 0.582421875 0.4109375 0.013671875 0.0703125
0 0.6671875 0.39921875 0.0125 0.0625
0 0.757421875 0.40703125 0.02109375 0.10234375
0 0.867578125 0.4203125 0.03359375 0.1640625
0 0.81953125 0.41484375 0.03828125 0.18671875
0 0.214453125 0.41328125 0.016015625 0.0796875
0 0.226171875 0.4078125 0.0140625 0.071875
0 0.608984375 0.38515625 0.0078125 0.03984375
0 0.655859375 0.4 0.016015625 0.028125