0 0.03984375 0.41328125 0.003515625 0.01640625
0 0.033984375 0.41328125 0.003515625 0.01875
0 0.331640625 0.4015625 0.011328125 0.0546875
0 0.34609375 0.40390625 0.01171875 0.0578125
0 0.362890625 0.40546875 0.0125 0.0625
0 0.372265625 0.40703125 0.011328125 0.0546875
0 0.377734375 0.4046875 0.012109375 0.06171875
0 0.3828125 0.4046875 0.0109375 0.05546875
0 0.6640625 0.4046875 0.029296875 0.14453125
0 0.648828125 0.40703125 0.028125 0.1390625
0 0.69296875 0.409375 0.016015625 0.078125
0 0.8 0.4125 0.008203125 0.03984375
0 0.848046875 0.41484375 0.004296875 0.0234375
0 0.93671875 0.4171875 0.00546875 0.028125
0 0.95 0.415625 0.00625 0.0328125
0 0.2078125 0.4125 0.011328125 0.05625
0 0.62109375 0.396875 0.02265625 0.11015625
0 0.784375 0.40546875 0.009375 0.04609375
0 0.821875 0.4078125 0.008203125 0.04296875
0 0.965234375 0.4109375 0.00703125 0.03515625
0 0.88515625 0.40234375 0.00703125 0.0328125
0 0.015234375 0.41328125 0.025 0.03125
0 0.440234375 0.42109375 0.011328125 0.03203125
0 0.853125 0.4171875 0.003125 0.0234375
0 0.91875 0.4125 0.007421875 0.00703125
0 0.930859375 0.41953125 0.007421875 0.03203125
0 0.95859375 0.40625 0.009375 0.01953125
0 0.9625 0.41484375 0.003515625 0.009375
0 0.981640625 0.4078125 0.011328125 0.02421875
0 0.98671875 0.43046875 0.00390625 0.00703125