0 0.25625 0.39140625 0.00390625 0.021875
0 0.251171875 0.3921875 0.004296875 0.021875
0 0.240625 0.38984375 0.004296875 0.0234375
0 0.199609375 0.396875 0.008203125 0.0421875
0 0.6109375 0.3984375 0.031640625 0.1546875
0 0.6234375 0.4125 0.0296875 0.1453125
0 0.60625 0.409375 0.02890625 0.14375
0 0.6375 0.4109375 0.031640625 0.1578125
0 0.65859375 0.40546875 0.02265625 0.109375
0 0.683984375 0.39609375 0.02578125 0.12578125
0 0.706640625 0.39453125 0.025 0.1234375
0 0.191796875 0.3828125 0.016015625 0.0171875
0 0.218359375 0.38515625 0.03125 0.01640625
0 0.58984375 0.40625 0.025390625 0.15