0 0.44375 0.36484375 0.00703125 0.0359375
0 0.52578125 0.36484375 0.0109375 0.05390625
0 0.41328125 0.36875 0.00625 0.0328125
0 0.2921875 0.3890625 0.0109375 0.05390625
0 0.252734375 0.37578125 0.00546875 0.02734375
0 0.2640625 0.38125 0.0046875 0.025
0 0.2828125 0.3875 0.01328125 0.065625
0 0.2171875 0.39375 0.012109375 0.06171875
0 0.055078125 0.39609375 0.0125 0.06328125
0 0.0609375 0.3953125 0.013671875 0.0671875
0 0.045703125 0.39375 0.011328125 0.05546875
0 0.02734375 0.40078125 0.009765625 0.05
0 0.504296875 0.36875 0.013671875 0.06875
0 0.454296875 0.36953125 0.011328125 0.0578125
0 0.506640625 0.37421875 0.0140625 0.07109375
0 0.141796875 0.390625 0.009375 0.046875
0 0.245703125 0.39140625 0.016015625 0.0578125
0 0.272265625 0.38984375 0.012109375 0.0625
0 0.2796875 0.41484375 0.00078125 0.00078125