0 0.15546875 0.4015625 0.016015625 0.0796875
0 0.401171875 0.371875 0.027734375 0.13671875
0 0.614453125 0.38359375 0.04140625 0.20390625
0 0.3375 0.39765625 0.021484375 0.1078125
0 0.351171875 0.384375 0.025390625 0.1265625
0 0.2375 0.39921875 0.01875 0.09296875
0 0.254296875 0.40078125 0.0171875 0.08515625
0 0.2015625 0.39921875 0.0171875 0.0859375
0 0.207421875 0.396875 0.019140625 0.09296875
0 0.2125 0.3984375 0.019140625 0.0953125
0 0.168359375 0.4015625 0.016015625 0.08125
0 0.306640625 0.40546875 0.01875 0.090625
0 0.31953125 0.3953125 0.023046875 0.11328125
0 0.840625 0.4015625 0.0578125 0.28203125
0 0.47109375 0.3890625 0.043359375 0.2125
0 0.119140625 0.39453125 0.003125 0.053125
0 0.13125 0.38125 0.00859375 0.0328125