0 0.639453125 0.3546875 0.0015625 0.00859375
0 0.6359375 0.35546875 0.0015625 0.009375
0 0.503515625 0.37421875 0.003515625 0.01875
0 0.456640625 0.20703125 0.01015625 0.05078125
0 0.453515625 0.209375 0.01015625 0.05
0 0.1953125 0.22265625 0.009765625 0.0484375
0 0.007421875 0.425 0.01484375 0.1
0 0.730859375 0.38203125 0.00703125 0.0328125
0 0.866796875 0.35546875 0.0109375 0.0546875
0 0.340625 0.3953125 0.033203125 0.16328125
0 0.5125 0.37734375 0.00390625 0.0203125
0 0.637890625 0.40546875 0.00625 0.028125