0 0.545703125 0.128125 0.009375 0.04765625
0 0.512109375 0.1453125 0.009765625 0.05
0 0.39375 0.2671875 0.01015625 0.0515625
0 0.515234375 0.1484375 0.0078125 0.040625
0 0.40390625 0.2640625 0.01171875 0.0578125
0 0.476171875 0.19453125 0.00859375 0.0453125
0 0.4828125 0.196875 0.008203125 0.040625
0 0.448828125 0.20546875 0.00859375 0.04375
0 0.455859375 0.20859375 0.008203125 0.0421875
0 0.262109375 0.4109375 0.016015625 0.07890625
0 0.33828125 0.42265625 0.03125 0.15546875
0 0.2765625 0.41484375 0.015234375 0.075
0 0.4078125 0.425 0.028125 0.140625
0 0.477734375 0.40234375 0.0171875 0.0859375
0 0.390234375 0.41875 0.029296875 0.1421875
0 0.396875 0.42734375 0.030859375 0.153125
0 0.428125 0.42578125 0.03203125 0.15625
0 0.411328125 0.42734375 0.03359375 0.1671875
0 0.434375 0.421875 0.03359375 0.165625
0 0.468359375 0.4328125 0.028125 0.13984375
0 0.458203125 0.42578125 0.034765625 0.171875
0 0.494140625 0.42265625 0.03046875 0.15
0 0.365625 0.43046875 0.030859375 0.1515625
0 0.542578125 0.41953125 0.038671875 0.18828125
0 0.111328125 0.40234375 0.01484375 0.071875