0 0.4953125 0.4265625 0.0203125 0.10078125
0 0.4890625 0.42578125 0.01953125 0.09765625
0 0.47890625 0.4234375 0.021875 0.109375
0 0.493359375 0.43125 0.02109375 0.103125
0 0.58828125 0.4203125 0.011328125 0.0546875
0 0.61484375 0.4109375 0.015625 0.078125
0 0.56875 0.4265625 0.021484375 0.10625
0 0.64296875 0.44609375 0.059375 0.28984375
0 0.663671875 0.4359375 0.066796875 0.328125
0 0.519140625 0.43046875 0.01875 0.09296875
0 0.380078125 0.42109375 0.008203125 0.03984375
0 0.371875 0.42109375 0.00859375 0.04296875
0 0.36171875 0.4203125 0.008203125 0.04296875
0 0.38671875 0.425 0.0109375 0.05390625
0 0.38359375 0.43046875 0.011328125 0.0546875
0 0.40546875 0.43046875 0.01953125 0.09765625
0 0.34375 0.41875 0.00859375 0.0453125
0 0.33828125 0.41875 0.009375 0.046875
0 0.33046875 0.41875 0.009375 0.046875
0 0.22578125 0.43359375 0.021484375 0.10546875
0 0.210546875 0.4328125 0.02265625 0.1109375
0 0.046875 0.41875 0.02265625 0.1109375
0 0.034765625 0.41796875 0.021484375 0.10546875
0 0.01328125 0.42265625 0.023046875 0.1125
0 0.006640625 0.43125 0.01328125 0.12890625
0 0.25078125 0.4390625 0.01953125 0.0984375
0 0.26875 0.44453125 0.01875 0.0921875
0 0.50546875 0.42890625 0.009375 0.04609375
0 0.723046875 0.41875 0.052734375 0.25703125
0 0.74296875 0.45546875 0.072265625 0.35234375
0 0.31875 0.4015625 0.00625 0.00625