0 0.31796875 0.40703125 0.01875 0.09375
0 0.491015625 0.4078125 0.0140625 0.0703125
0 0.472265625 0.4140625 0.0109375 0.0546875
0 0.4578125 0.40234375 0.015234375 0.07421875
0 0.4640625 0.40625 0.01328125 0.06640625
0 0.43515625 0.40234375 0.013671875 0.06875
0 0.4328125 0.40703125 0.016015625 0.0796875
0 0.39765625 0.40859375 0.016015625 0.08125
0 0.401953125 0.4171875 0.016015625 0.0796875
0 0.337109375 0.409375 0.019921875 0.0984375
0 0.278125 0.38359375 0.004296875 0.02265625
0 0.283203125 0.38515625 0.0046875 0.02421875
0 0.289453125 0.38515625 0.004296875 0.02265625
0 0.451953125 0.41484375 0.0171875 0.0859375
0 0.433984375 0.425 0.017578125 0.08671875
0 0.369921875 0.40859375 0.01796875 0.0890625
0 0.584375 0.39765625 0.011328125 0.05546875
0 0.413671875 0.42109375 0.01015625 0.05