0 0.26875 0.38125 0.0109375 0.053125
0 0.2625 0.38203125 0.011328125 0.0578125
0 0.289453125 0.378125 0.012109375 0.06171875
0 0.028515625 0.36640625 0.00625 0.03046875
0 0.168359375 0.384375 0.009765625 0.04765625
0 0.151953125 0.384375 0.0109375 0.05390625
0 0.64375 0.39140625 0.01875 0.09296875
0 0.58828125 0.378125 0.01328125 0.0640625
0 0.609765625 0.39140625 0.0203125 0.1015625
0 0.603125 0.39296875 0.025 0.121875
0 0.68203125 0.38359375 0.02734375 0.13359375
0 0.658984375 0.38984375 0.02578125 0.12890625
0 0.65859375 0.3921875 0.028125 0.13984375
0 0.7125 0.39765625 0.02578125 0.1265625
0 0.690625 0.3921875 0.02890625 0.14140625
0 0.628515625 0.3953125 0.02421875 0.12109375
0 0.304296875 0.3890625 0.0140625 0.0703125
0 0.3359375 0.38984375 0.013671875 0.0671875
0 0.361328125 0.38515625 0.009765625 0.05
0 0.52890625 0.3859375 0.01171875 0.05859375
0 0.5421875 0.38359375 0.016015625 0.07890625
0 0.52421875 0.3890625 0.015625 0.07734375
0 0.54453125 0.3875 0.016015625 0.08125
0 0.5328125 0.3921875 0.016015625 0.0796875
0 0.53203125 0.3984375 0.0171875 0.084375
0 0.5578125 0.3890625 0.013671875 0.0671875
0 0.55234375 0.38984375 0.01484375 0.0734375
0 0.5671875 0.38359375 0.01484375 0.071875
0 0.571875 0.3875 0.01875 0.08984375
0 0.40625 0.3859375 0.01171875 0.05859375
0 0.412890625 0.384375 0.012109375 0.06171875
0 0.351171875 0.3828125 0.01484375 0.071875
0 0.353125 0.3828125 0.015234375 0.07421875
0 0.377734375 0.38359375 0.012109375 0.0609375
0 0.396484375 0.384375 0.0109375 0.05546875
0 0.401171875 0.38515625 0.016015625 0.07890625
0 0.38515625 0.378125 0.01328125 0.06328125
0 0.388671875 0.38125 0.013671875 0.06953125
0 0.375390625 0.384375 0.015234375 0.075
0 0.193359375 0.384375 0.0125 0.0625
0 0.184765625 0.38515625 0.01328125 0.065625
0 0.180859375 0.3859375 0.012109375 0.06171875
0 0.1734375 0.38359375 0.01015625 0.0515625
0 0.178125 0.38671875 0.012109375 0.0609375
0 0.25546875 0.38515625 0.0125 0.06328125
0 0.24765625 0.38203125 0.013671875 0.06875
0 0.244140625 0.38671875 0.01484375 0.071875
0 0.22890625 0.3625 0.005859375 0.0296875
0 0.233984375 0.3875 0.0125 0.0625
0 0.20859375 0.37734375 0.01015625 0.0515625
0 0.219140625 0.3875 0.0140625 0.06953125
0 0.2078125 0.38671875 0.01484375 0.07421875
0 0.123046875 0.38046875 0.0125 0.06328125
0 0.144921875 0.38359375 0.01171875 0.0578125
0 0.094140625 0.3703125 0.009375 0.0203125