0 0.54453125 0.3796875 0.011328125 0.05625
0 0.590234375 0.3734375 0.01796875 0.0890625
0 0.60703125 0.3765625 0.016015625 0.0796875
0 0.61796875 0.37421875 0.01484375 0.071875
0 0.37109375 0.384375 0.02421875 0.1203125
0 0.555078125 0.37890625 0.023046875 0.11328125
0 0.635546875 0.38046875 0.055078125 0.2703125
0 0.52890625 0.37421875 0.011328125 0.05546875
0 0.5375 0.37890625 0.007421875 0.0375
0 0.538671875 0.3921875 0.005859375 0.03125
0 0.277734375 0.37578125 0.0203125 0.03046875
0 0.319140625 0.371875 0.008203125 0.03203125
0 0.334375 0.37421875 0.009765625 0.0265625