0 0.365234375 0.40546875 0.01171875 0.059375
0 0.387109375 0.409375 0.013671875 0.06875
0 0.31953125 0.4203125 0.0171875 0.08515625
0 0.312890625 0.425 0.016015625 0.08125
0 0.614453125 0.384375 0.00625 0.03203125
0 0.625390625 0.39296875 0.0109375 0.05390625
0 0.6375 0.3921875 0.0109375 0.0546875
0 0.714453125 0.4078125 0.019140625 0.0953125
0 0.739453125 0.4015625 0.0171875 0.0828125
0 0.749609375 0.40078125 0.01796875 0.08671875
0 0.759765625 0.38984375 0.0203125 0.1
0 0.773046875 0.4046875 0.02265625 0.1109375
0 0.765234375 0.42265625 0.0359375 0.178125
0 0.786328125 0.41953125 0.0375 0.184375
0 0.830859375 0.41796875 0.039453125 0.1953125
0 0.816796875 0.415625 0.042578125 0.21015625
0 0.875390625 0.403125 0.04296875 0.21171875
0 0.905859375 0.41328125 0.03203125 0.1578125
0 0.914453125 0.4125 0.034375 0.16875
0 0.978125 0.41015625 0.03984375 0.196875
0 0.8515625 0.4359375 0.04765625 0.234375
0 0.251953125 0.42265625 0.013671875 0.06953125
0 0.128515625 0.43125 0.05703125 0.28046875
0 0.298828125 0.39609375 0.01484375 0.03046875
0 0.730078125 0.365625 0.008203125 0.01484375