0 0.038671875 0.4015625 0.0234375 0.115625
0 0.049609375 0.3984375 0.02578125 0.1265625
0 0.01171875 0.403125 0.0234375 0.11640625
0 0.09921875 0.4078125 0.02109375 0.1046875
0 0.3609375 0.41015625 0.023046875 0.1109375
0 0.448828125 0.40234375 0.02109375 0.103125
0 0.47421875 0.40859375 0.0203125 0.10234375
0 0.48203125 0.40859375 0.0234375 0.11640625
0 0.50234375 0.415625 0.021875 0.10859375
0 0.51640625 0.41015625 0.023828125 0.11875
0 0.578125 0.41328125 0.0234375 0.115625
0 0.571484375 0.4203125 0.02109375 0.10234375
0 0.57734375 0.4328125 0.01953125 0.0953125
0 0.59296875 0.4234375 0.0171875 0.0828125
0 0.608984375 0.42265625 0.02109375 0.103125
0 0.56171875 0.41875 0.025 0.1234375
0 0.598046875 0.4171875 0.0234375 0.11640625
0 0.617578125 0.42734375 0.023828125 0.11796875
0 0.644140625 0.428125 0.019921875 0.0984375
0 0.65078125 0.428125 0.023046875 0.115625
0 0.665625 0.425 0.021484375 0.10546875
0 0.736328125 0.43125 0.0046875 0.02421875
0 0.7359375 0.42734375 0.007421875 0.0359375
0 0.728125 0.428125 0.019140625 0.09296875
0 0.751171875 0.4421875 0.0140625 0.0703125
0 0.39140625 0.4140625 0.023828125 0.11875
0 0.36953125 0.4125 0.00390625 0.0203125
0 0.67109375 0.42265625 0.034765625 0.16875
0 0.780859375 0.43984375 0.01015625 0.0515625
0 0.77578125 0.4390625 0.012109375 0.06171875
0 0.765234375 0.4453125 0.0125 0.0640625
0 0.767578125 0.44375 0.013671875 0.06953125
0 0.794140625 0.4390625 0.011328125 0.0578125
0 0.7875 0.4390625 0.01171875 0.05625
0 0.804296875 0.43984375 0.01171875 0.059375
0 0.814453125 0.4390625 0.01171875 0.059375
0 0.805078125 0.44609375 0.01328125 0.0640625
0 0.818359375 0.453125 0.013671875 0.06640625
0 0.889453125 0.45 0.015234375 0.075
0 0.87421875 0.4484375 0.0171875 0.0828125
0 0.901953125 0.4328125 0.04140625 0.203125
0 0.864453125 0.4421875 0.03671875 0.1796875
0 0.3453125 0.41015625 0.02578125 0.1265625
0 0.492578125 0.40703125 0.009765625 0.0890625
0 0.5328125 0.4125 0.017578125 0.128125
0 0.55 0.36875 0.00625 0.034375
0 0.643359375 0.453125 0.00625 0.025
0 0.64765625 0.46796875 0.009765625 0.021875
0 0.657421875 0.46953125 0.00234375 0.01171875
0 0.6578125 0.44609375 0.00234375 0.01640625