0 0.083203125 0.3953125 0.026953125 0.13203125
0 0.20859375 0.396875 0.027734375 0.1359375
0 0.224609375 0.3875 0.029296875 0.1453125
0 0.572265625 0.384375 0.00390625 0.02265625
0 0.5859375 0.3875 0.001953125 0.01171875
0 0.08125 0.39609375 0.03046875 0.14765625
0 0.35078125 0.4046875 0.0234375 0.1140625
0 0.3859375 0.4109375 0.02109375 0.103125
0 0.414453125 0.39375 0.02734375 0.1359375
0 0.438671875 0.46796875 0.090234375 0.4421875
0 0.5265625 0.38984375 0.00625 0.03046875
0 0.88203125 0.38046875 0.051171875 0.253125
0 0.408984375 0.41640625 0.019140625 0.09453125
0 0.58203125 0.384375 0.0046875 0.02421875
0 0.57734375 0.3828125 0.004296875 0.0234375
0 0.5890625 0.38515625 0.003125 0.01640625