0 0.030078125 0.41171875 0.01328125 0.065625
0 0.070703125 0.409375 0.01171875 0.05859375
0 0.0484375 0.4078125 0.01171875 0.059375
0 0.042578125 0.41328125 0.0125 0.06328125
0 0.09453125 0.41015625 0.012109375 0.0609375
0 0.08828125 0.40703125 0.012109375 0.06171875
0 0.08125 0.425 0.01953125 0.09765625
0 0.09921875 0.4109375 0.012109375 0.06171875
0 0.112890625 0.4078125 0.0109375 0.05390625
0 0.11875 0.41015625 0.009765625 0.0484375
0 0.125390625 0.41171875 0.009765625 0.04765625
0 0.136328125 0.42265625 0.0140625 0.06953125
0 0.144921875 0.41640625 0.0125 0.06328125
0 0.13125 0.434375 0.01640625 0.08203125
0 0.16328125 0.428125 0.017578125 0.0859375
0 0.175390625 0.42890625 0.01875 0.0921875
0 0.175 0.4296875 0.01875 0.08984375
0 0.32109375 0.4328125 0.009765625 0.046875
0 0.215625 0.428125 0.01953125 0.096875
0 0.396875 0.43046875 0.012109375 0.0625
0 0.226171875 0.43125 0.019140625 0.0953125
0 0.463671875 0.4390625 0.021875 0.10859375
0 0.481640625 0.43046875 0.025 0.12421875
0 0.48671875 0.4328125 0.026953125 0.13359375
0 0.49375 0.43125 0.027734375 0.1390625
0 0.86640625 0.4234375 0.009765625 0.0484375
0 0.876171875 0.4171875 0.00625 0.0328125
0 0.863671875 0.4328125 0.0125 0.0625
0 0.5421875 0.44375 0.02578125 0.1265625
0 0.819140625 0.43671875 0.031640625 0.15625
0 0.8078125 0.434375 0.03203125 0.16015625
0 0.51796875 0.43046875 0.028125 0.13984375
0 0.52265625 0.4359375 0.02890625 0.14375
0 0.530859375 0.4328125 0.03671875 0.1796875
0 0.565234375 0.4296875 0.02890625 0.140625
0 0.539453125 0.43828125 0.035546875 0.1765625
0 0.626171875 0.4375 0.023828125 0.1171875
0 0.590625 0.4390625 0.02734375 0.13671875
0 0.66015625 0.4265625 0.028125 0.1390625
0 0.679296875 0.4328125 0.02578125 0.128125
0 0.65 0.43125 0.027734375 0.1390625
0 0.655078125 0.4296875 0.027734375 0.1390625
0 0.658203125 0.4375 0.03125 0.1546875
0 0.70546875 0.4296875 0.03359375 0.165625
0 0.72890625 0.44609375 0.03203125 0.1578125
0 0.76484375 0.440625 0.043359375 0.2140625
0 0.74140625 0.45625 0.0375 0.184375
0 0.2515625 0.434375 0.016015625 0.07890625
0 0.25234375 0.43046875 0.02109375 0.103125
0 0.277734375 0.4265625 0.02265625 0.11015625
0 0.290234375 0.43125 0.019921875 0.09765625
0 0.107421875 0.4203125 0.013671875 0.06875
0 0.055859375 0.41484375 0.021875 0.075
0 0.066796875 0.465625 0.004296875 0.00625
0 0.612890625 0.428125 0.029296875 0.20703125
0 0.8578125 0.425 0.00859375 0.05078125