0 0.868359375 0.39375 0.00546875 0.028125
0 0.846875 0.40234375 0.0078125 0.0375
0 0.8390625 0.39765625 0.00859375 0.0421875
0 0.69921875 0.41484375 0.0109375 0.0546875
0 0.602734375 0.4171875 0.009375 0.046875
0 0.53359375 0.4203125 0.011328125 0.05546875
0 0.5125 0.42265625 0.012109375 0.0625
0 0.4828125 0.42421875 0.012109375 0.06171875
0 0.46640625 0.425 0.011328125 0.05625
0 0.4515625 0.4265625 0.01171875 0.05859375
0 0.4359375 0.428125 0.01171875 0.0578125
0 0.687890625 0.421875 0.023828125 0.11875
0 0.732421875 0.4953125 0.09453125 0.4625
0 0.891796875 0.509375 0.113671875 0.55546875
0 0.396484375 0.42734375 0.013671875 0.0671875
0 0.384375 0.4328125 0.0125 0.06328125
0 0.337890625 0.43125 0.013671875 0.06875
0 0.3234375 0.42890625 0.015625 0.07734375
0 0.3015625 0.43203125 0.015234375 0.075
0 0.06875 0.43828125 0.01640625 0.08125
0 0.21953125 0.42890625 0.021484375 0.10859375
0 0.10859375 0.453125 0.0125 0.0640625
0 0.2640625 0.56953125 0.140234375 0.684375
0 0.412890625 0.42734375 0.01328125 0.0671875