0 0.167578125 0.42578125 0.00390625 0.01953125
0 0.124609375 0.4203125 0.00625 0.0328125
0 0.132421875 0.421875 0.005859375 0.0296875
0 0.44296875 0.4234375 0.003515625 0.01640625
0 0.46953125 0.41015625 0.00859375 0.04296875
0 0.479296875 0.4171875 0.00546875 0.02734375
0 0.485546875 0.41796875 0.00546875 0.02734375
0 0.591796875 0.4078125 0.01171875 0.0578125
0 0.60859375 0.4078125 0.01015625 0.05078125
0 0.602734375 0.41015625 0.01015625 0.053125
0 0.616796875 0.4078125 0.011328125 0.05546875
0 0.6203125 0.4046875 0.01484375 0.071875
0 0.633203125 0.4078125 0.012109375 0.06171875
0 0.741796875 0.4 0.0140625 0.0703125
0 0.874609375 0.3984375 0.0234375 0.115625
0 0.906640625 0.39375 0.0234375 0.115625
0 0.67265625 0.45859375 0.04609375 0.22578125
0 0.69453125 0.4578125 0.048828125 0.240625
0 0.451953125 0.4125 0.009375 0.04609375
0 0.757421875 0.3859375 0.0125 0.0640625
0 0.794921875 0.38515625 0.015625 0.07890625
0 0.11796875 0.41875 0.011328125 0.034375