0 0.346484375 0.36875 0.01328125 0.06328125
0 0.0203125 0.403125 0.01796875 0.08984375
0 0.624609375 0.428125 0.03359375 0.165625
0 0.914453125 0.41015625 0.05546875 0.2734375
0 0.665625 0.415625 0.040625 0.2015625
0 0.890625 0.40859375 0.048828125 0.2390625
0 0.641796875 0.4203125 0.03359375 0.1671875
0 0.85 0.43046875 0.058203125 0.28515625
0 0.89375 0.428125 0.059375 0.29296875
0 0.782421875 0.396875 0.039453125 0.1953125
0 0.736328125 0.403125 0.0390625 0.19375
0 0.60234375 0.38515625 0.015234375 0.075
0 0.714453125 0.4015625 0.083984375 0.41015625