0 0.569140625 0.43125 0.0171875 0.084375
0 0.571875 0.43671875 0.01640625 0.084375
0 0.696484375 0.44296875 0.0171875 0.0828125
0 0.70625 0.440625 0.01953125 0.0953125
0 0.716796875 0.4421875 0.01875 0.0921875
0 0.772265625 0.4421875 0.019921875 0.09765625
0 0.848046875 0.45 0.08125 0.3953125
0 0.91171875 0.475 0.07578125 0.371875
0 0.878515625 0.4703125 0.10546875 0.51640625
0 0.6421875 0.46875 0.07265625 0.35546875
0 0.61328125 0.46015625 0.08125 0.3984375
0 0.481640625 0.471875 0.066015625 0.321875
0 0.34140625 0.44921875 0.068359375 0.334375
0 0.336328125 0.4765625 0.07734375 0.37890625
0 0.2234375 0.45 0.076171875 0.3734375
0 0.280078125 0.47109375 0.07578125 0.371875
0 0.16640625 0.4734375 0.075 0.36796875
0 0.362890625 0.42109375 0.083984375 0.4109375
0 0.89375 0.490625 0.08984375 0.44140625