0 0.04921875 0.353125 0.005859375 0.0296875
0 0.084375 0.36015625 0.0046875 0.02421875
0 0.089453125 0.35859375 0.005859375 0.03046875
0 0.09296875 0.35859375 0.008203125 0.040625
0 0.070703125 0.3953125 0.0140625 0.06875
0 0.2640625 0.3875 0.0125 0.0640625
0 0.2875 0.3859375 0.011328125 0.0578125
0 0.29453125 0.38984375 0.011328125 0.0578125
0 0.12421875 0.3921875 0.01484375 0.0734375
0 0.135546875 0.3921875 0.0140625 0.0703125
0 0.13984375 0.403125 0.01484375 0.0734375
0 0.15859375 0.39140625 0.0125 0.06328125
0 0.17109375 0.3890625 0.0125 0.0625
0 0.181640625 0.38984375 0.013671875 0.06953125
0 0.163671875 0.40703125 0.01484375 0.071875
0 0.958984375 0.45859375 0.080078125 0.51484375
0 0.486328125 0.4046875 0.02421875 0.121875
0 0.51796875 0.40546875 0.025390625 0.1265625
0 0.509765625 0.4046875 0.025390625 0.1265625
0 0.483984375 0.43125 0.016015625 0.08203125
0 0.565234375 0.4359375 0.06484375 0.31953125
0 0.547265625 0.43984375 0.073828125 0.36015625
0 0.617578125 0.4671875 0.105078125 0.5140625
0 0.664453125 0.47734375 0.1078125 0.5265625
0 0.453515625 0.39921875 0.02265625 0.1109375
0 0.3 0.4 0.01953125 0.0953125
0 0.407421875 0.51875 0.146875 0.7171875
0 0.403515625 0.55859375 0.15 0.7328125
0 0.709375 0.3875 0.02734375 0.1328125
0 0.348828125 0.39765625 0.046484375 0.2265625