0 0.209375 0.3640625 0.01875 0.09296875
0 0.198046875 0.37109375 0.01796875 0.08984375
0 0.2296875 0.365625 0.01796875 0.0890625
0 0.214453125 0.3703125 0.019140625 0.0921875
0 0.404296875 0.33984375 0.0046875 0.0234375
0 0.412890625 0.38203125 0.023046875 0.1125
0 0.384375 0.38359375 0.021875 0.11015625
0 0.511328125 0.3796875 0.0171875 0.0828125
0 0.5171875 0.38046875 0.01796875 0.0890625
0 0.612890625 0.3453125 0.019921875 0.0984375
0 0.399609375 0.340625 0.004296875 0.02265625
0 0.637109375 0.3734375 0.019921875 0.10078125
0 0.395703125 0.340625 0.007421875 0.0265625
0 0.40078125 0.35078125 0.003125 0.0046875
0 0.48359375 0.3890625 0.0203125 0.07890625
0 0.503125 0.42265625 0.00703125 0.0109375
0 0.525390625 0.38671875 0.00078125 0.015625
0 0.531640625 0.3609375 0.009375 0.0234375
0 0.553125 0.36015625 0.019140625 0.03125