0 0.457421875 0.3921875 0.01953125 0.0953125
0 0.468359375 0.3796875 0.0234375 0.1171875
0 0.52734375 0.378125 0.01875 0.0921875
0 0.54453125 0.37578125 0.0203125 0.1015625
0 0.571484375 0.38203125 0.011328125 0.05625
0 0.56328125 0.37421875 0.015234375 0.07421875
0 0.613671875 0.37578125 0.02421875 0.1203125
0 0.655078125 0.38515625 0.023828125 0.1203125
0 0.703515625 0.38671875 0.025390625 0.1234375
0 0.71640625 0.40234375 0.01875 0.09375
0 0.777734375 0.4125 0.030859375 0.15234375
0 0.007421875 0.375 0.01484375 0.08125
0 0.087890625 0.3765625 0.0109375 0.05546875
0 0.08046875 0.37265625 0.011328125 0.05546875
0 0.875 0.3921875 0.03046875 0.14765625
0 0.7328125 0.38359375 0.0265625 0.1296875
0 0.446875 0.38828125 0.019921875 0.10078125
0 0.87734375 0.390625 0.02890625 0.1421875