0 0.287890625 0.428125 0.008203125 0.0421875
0 0.2921875 0.4234375 0.009765625 0.04765625
0 0.165625 0.4453125 0.00859375 0.0453125
0 0.177734375 0.446875 0.0203125 0.1015625
0 0.1859375 0.446875 0.0203125 0.1015625
0 0.2296875 0.43359375 0.021484375 0.10546875
0 0.235546875 0.44296875 0.01796875 0.090625
0 0.377734375 0.41953125 0.01796875 0.090625
0 0.383203125 0.42265625 0.01640625 0.08515625
0 0.83046875 0.396875 0.058984375 0.290625
0 0.91875 0.38984375 0.05625 0.27734375
0 0.9671875 0.41875 0.04296875 0.2109375
0 0.871484375 0.44453125 0.0375 0.1859375
0 0.975390625 0.40703125 0.047265625 0.296875
0 0.056640625 0.4625 0.0078125 0.01640625
0 0.05703125 0.47578125 0.00390625 0.00390625