0 0.844140625 0.3734375 0.015625 0.07890625
0 0.812890625 0.3765625 0.013671875 0.0671875
0 0.7921875 0.371875 0.0125 0.06171875
0 0.78515625 0.3703125 0.01171875 0.0578125
0 0.7515625 0.3765625 0.019140625 0.0953125
0 0.7703125 0.37890625 0.017578125 0.0875
0 0.74140625 0.3765625 0.01796875 0.08984375
0 0.7109375 0.3765625 0.01484375 0.07109375
0 0.723046875 0.36875 0.019921875 0.096875
0 0.378515625 0.40390625 0.03046875 0.14921875
0 0.39296875 0.4125 0.03046875 0.14921875
0 0.251953125 0.42109375 0.03125 0.15546875
0 0.26640625 0.42265625 0.027734375 0.1359375
0 0.5453125 0.4171875 0.044921875 0.2203125
0 0.52890625 0.41875 0.053125 0.2609375
0 0.560546875 0.4375 0.05078125 0.25
0 0.2140625 0.42734375 0.033203125 0.16328125
0 0.215625 0.43046875 0.0546875 0.26875
0 0.138671875 0.41796875 0.046875 0.23046875
0 0.1109375 0.42890625 0.06171875 0.3015625
0 0.160546875 0.4484375 0.065625 0.3203125
0 0.023046875 0.459375 0.04609375 0.3140625
0 0.321875 0.44609375 0.06328125 0.3109375
0 0.73125 0.38046875 0.016015625 0.07890625
0 0.709765625 0.3546875 0.0140625 0.0265625