0 0.248828125 0.37421875 0.021875 0.10859375
0 0.311328125 0.37578125 0.019140625 0.09296875
0 0.34375 0.38203125 0.015625 0.07734375
0 0.26875 0.3828125 0.01953125 0.09765625
0 0.35859375 0.37265625 0.0125 0.06328125
0 0.1234375 0.39375 0.031640625 0.15703125
0 0.14765625 0.39921875 0.031640625 0.1578125
0 0.015625 0.40625 0.03125 0.21875
0 0.039453125 0.396875 0.050390625 0.2453125
0 0.7359375 0.371875 0.02890625 0.14140625
0 0.73671875 0.378125 0.028125 0.13984375
0 0.8046875 0.39453125 0.0359375 0.178125
0 0.8859375 0.3890625 0.0390625 0.19140625
0 0.8734375 0.39609375 0.05 0.24296875
0 0.218359375 0.3703125 0.021875 0.109375
0 0.7140625 0.3703125 0.023046875 0.1109375
0 0.777734375 0.39375 0.04375 0.21484375