0 0.46015625 0.3859375 0.0046875 0.0234375
0 0.485546875 0.42734375 0.042578125 0.20625
0 0.5125 0.43046875 0.0375 0.1859375
0 0.52578125 0.425 0.04453125 0.21875
0 0.362890625 0.38984375 0.00859375 0.0453125
0 0.323828125 0.3890625 0.012109375 0.0625
0 0.301171875 0.3921875 0.01484375 0.071875
0 0.29765625 0.39296875 0.0203125 0.10078125
0 0.28671875 0.3890625 0.0125 0.06328125
0 0.278125 0.3890625 0.013671875 0.06953125
0 0.246875 0.38984375 0.0140625 0.07109375
0 0.23203125 0.38359375 0.013671875 0.06640625
0 0.20234375 0.3859375 0.015625 0.0796875
0 0.25234375 0.39140625 0.01328125 0.0640625
0 0.17734375 0.38984375 0.015625 0.07890625
0 0.155078125 0.39375 0.019140625 0.09453125
0 0.136328125 0.39921875 0.0375 0.1859375
0 0.63203125 0.396875 0.009375 0.046875
0 0.612890625 0.42265625 0.04296875 0.21171875
0 0.71328125 0.39921875 0.019921875 0.09765625
0 0.335546875 0.39453125 0.01171875 0.05859375
0 0.34921875 0.39375 0.0125 0.0625
0 0.4046875 0.4015625 0.02890625 0.14140625
0 0.337890625 0.41796875 0.00078125 0.00390625
0 0.3375 0.42421875 0.000390625 0.00078125
0 0.34296875 0.39140625 0.0078125 0.0546875
0 0.3453125 0.3875 0.00078125 0.0046875
0 0.355859375 0.38984375 0.00625 0.05078125