0 0.325390625 0.4421875 0.00625 0.0328125
0 0.049609375 0.43515625 0.026953125 0.13359375
0 0.127734375 0.440625 0.027734375 0.13671875
0 0.08828125 0.43359375 0.030859375 0.15
0 0.636328125 0.4421875 0.00703125 0.0359375
0 0.6484375 0.44453125 0.005859375 0.03125
0 0.824609375 0.4203125 0.01328125 0.065625
0 0.890625 0.425 0.0203125 0.10078125
0 0.874609375 0.4265625 0.01953125 0.09765625
0 0.946875 0.4203125 0.019921875 0.10078125
0 0.97265625 0.41796875 0.0234375 0.115625
0 0.92265625 0.4171875 0.023046875 0.1125
0 0.65703125 0.43046875 0.00859375 0.04296875