0 0.22890625 0.4140625 0.012109375 0.0625
0 0.218359375 0.4171875 0.011328125 0.05625
0 0.25 0.4171875 0.013671875 0.0671875
0 0.25859375 0.41640625 0.01484375 0.07109375
0 0.271484375 0.425 0.01171875 0.059375
0 0.26640625 0.41875 0.01484375 0.07421875
0 0.2734375 0.42890625 0.013671875 0.0703125
0 0.2890625 0.4140625 0.013671875 0.06640625
0 0.298828125 0.41484375 0.013671875 0.06953125
0 0.311328125 0.4109375 0.015234375 0.07421875
0 0.316015625 0.4140625 0.012109375 0.0609375
0 0.4265625 0.41328125 0.01484375 0.0734375
0 0.4171875 0.4140625 0.01484375 0.071875
0 0.40703125 0.415625 0.0140625 0.07109375
0 0.62578125 0.4015625 0.017578125 0.0859375
0 0.6109375 0.40390625 0.01640625 0.0828125
0 0.509375 0.4046875 0.01484375 0.07421875
0 0.752734375 0.39375 0.019140625 0.0953125
0 0.77109375 0.3921875 0.0203125 0.10078125
0 0.910546875 0.3890625 0.019921875 0.09765625
0 0.9234375 0.396875 0.01796875 0.0875
0 0.146875 0.43984375 0.0546875 0.26875
0 0.03515625 0.45625 0.0515625 0.253125
0 0.1765625 0.46640625 0.056640625 0.278125
0 0.16484375 0.4625 0.0671875 0.328125
0 0.1234375 0.459375 0.090234375 0.4421875
0 0.076171875 0.47578125 0.087890625 0.428125
0 0.48984375 0.49765625 0.0828125 0.40703125
0 0.66953125 0.4015625 0.023046875 0.1140625
0 0.87734375 0.403125 0.02265625 0.11015625
0 0.85390625 0.37734375 0.05 0.2453125
0 0.820703125 0.39765625 0.0515625 0.2546875