0 0.585546875 0.303125 0.0015625 0.0078125
0 0.5890625 0.30234375 0.00078125 0.0046875
0 0.594140625 0.303125 0.000390625 0.00625
0 0.596484375 0.303125 0.000390625 0.0046875
0 0.5125 0.31171875 0.00078125 0.00703125
0 0.50546875 0.31171875 0.00078125 0.0078125
0 0.49765625 0.3125 0.001953125 0.009375
0 0.4921875 0.31328125 0.00078125 0.0078125
0 0.480859375 0.31328125 0.0015625 0.00859375
0 0.477734375 0.3140625 0.0015625 0.009375
0 0.43359375 0.325 0.001953125 0.0109375
0 0.4359375 0.32421875 0.0015625 0.009375
0 0.431640625 0.334375 0.001953125 0.0125
0 0.42265625 0.35078125 0.001953125 0.009375
0 0.4203125 0.359375 0.003515625 0.0171875
0 0.4171875 0.36640625 0.00234375 0.0125
0 0.411328125 0.36953125 0.00234375 0.01484375
0 0.408984375 0.3703125 0.00234375 0.0140625
0 0.40703125 0.36875 0.00234375 0.01484375
0 0.4046875 0.36796875 0.003515625 0.01875
0 0.401953125 0.36953125 0.003125 0.01640625
0 0.398828125 0.3703125 0.001953125 0.01171875
0 0.390234375 0.3640625 0.00078125 0.0078125
0 0.39140625 0.36796875 0.00234375 0.01171875
0 0.393359375 0.3703125 0.00234375 0.0125
0 0.441015625 0.36796875 0.00234375 0.01484375
0 0.440234375 0.36875 0.00234375 0.0125
0 0.4390625 0.3703125 0.001953125 0.0125
0 0.436328125 0.36640625 0.003515625 0.01640625
0 0.459375 0.390625 0.0046875 0.025
0 0.44609375 0.38984375 0.00625 0.03125
0 0.867578125 0.37734375 0.00390625 0.01875
0 0.87734375 0.37578125 0.003515625 0.01953125
0 0.89765625 0.378125 0.00234375 0.01484375
0 0.9 0.37734375 0.003515625 0.01875
0 0.888671875 0.378125 0.00390625 0.01953125
0 0.905859375 0.37734375 0.003515625 0.01875
0 0.909765625 0.3765625 0.00390625 0.01875
0 0.934375 0.38359375 0.00546875 0.0265625
0 0.94296875 0.38046875 0.00390625 0.0203125
0 0.60703125 0.40234375 0.013671875 0.06875
0 0.541796875 0.4078125 0.019921875 0.1
0 0.5890625 0.41328125 0.02890625 0.14140625
0 0.56875 0.41484375 0.03671875 0.18046875
0 0.88359375 0.37734375 0.00390625 0.0203125
0 0.57109375 0.3015625 0.003515625 0.00390625
0 0.5796875 0.3015625 0.0078125 0.00390625