0 0.269140625 0.3890625 0.0328125 0.16015625
0 0.7984375 0.403125 0.025390625 0.125
0 0.58671875 0.36015625 0.0046875 0.02421875
0 0.6046875 0.3640625 0.00390625 0.021875
0 0.56796875 0.3796875 0.00703125 0.03515625
0 0.5734375 0.3796875 0.007421875 0.0359375
0 0.56171875 0.384375 0.00859375 0.04375
0 0.555078125 0.3796875 0.008203125 0.04296875
0 0.7859375 0.38671875 0.027734375 0.1390625
0 0.8125 0.4015625 0.028125 0.13984375
0 0.6921875 0.38984375 0.016015625 0.0796875
0 0.70859375 0.390625 0.01484375 0.071875