0 0.75390625 0.4046875 0.01484375 0.07421875
0 0.538671875 0.378125 0.00703125 0.034375
0 0.525390625 0.384375 0.0078125 0.03828125
0 0.49296875 0.37890625 0.01015625 0.05078125
0 0.472265625 0.38125 0.011328125 0.05859375
0 0.3421875 0.39296875 0.025 0.121875
0 0.3546875 0.40625 0.029296875 0.14453125
0 0.303125 0.38671875 0.0265625 0.12890625
0 0.2984375 0.41640625 0.033203125 0.16328125
0 0.26640625 0.39453125 0.03359375 0.16796875
0 0.22421875 0.415625 0.0375 0.1859375
0 0.221875 0.4703125 0.01953125 0.09453125
0 0.628515625 0.41484375 0.04140625 0.2046875
0 0.7609375 0.4125 0.025390625 0.12421875
0 0.938671875 0.40625 0.053125 0.259375
0 0.210546875 0.409375 0.042578125 0.20703125