0 0.36953125 0.21328125 0.0015625 0.00859375
0 0.3734375 0.2125 0.00078125 0.0078125
0 0.377734375 0.2140625 0.0015625 0.009375
0 0.382421875 0.21328125 0.0015625 0.0109375
0 0.14453125 0.3859375 0.00390625 0.01875
0 0.148828125 0.3859375 0.00390625 0.01953125
0 0.157421875 0.3859375 0.00546875 0.0296875
0 0.245703125 0.171875 0.003125 0.015625
0 0.249609375 0.17109375 0.003125 0.015625
0 0.254296875 0.171875 0.003125 0.015625
0 0.2765625 0.234375 0.003515625 0.01953125
0 0.384375 0.3078125 0.00390625 0.0203125
0 0.395703125 0.30078125 0.003515625 0.01953125
0 0.4 0.3 0.003515625 0.01875
0 0.387890625 0.309375 0.003515625 0.0171875
0 0.580859375 0.278125 0.003515625 0.01875
0 0.444140625 0.303125 0.00234375 0.0140625
0 0.446875 0.29921875 0.00390625 0.0203125
0 0.45 0.296875 0.0046875 0.025
0 0.466796875 0.29765625 0.00390625 0.0203125
0 0.476953125 0.2953125 0.00390625 0.01953125
0 0.48359375 0.29609375 0.003515625 0.01953125
0 0.537109375 0.284375 0.0046875 0.02421875
0 0.525390625 0.2859375 0.0046875 0.0234375
0 0.519140625 0.2859375 0.004296875 0.0234375
0 0.508984375 0.28828125 0.004296875 0.0234375
0 0.497265625 0.290625 0.004296875 0.0234375
0 0.499609375 0.29140625 0.00390625 0.0203125
0 0.4875 0.29375 0.003515625 0.01875
0 0.49296875 0.29375 0.003515625 0.01640625
0 0.331640625 0.378125 0.007421875 0.03515625
0 0.323828125 0.378125 0.00703125 0.03515625
0 0.31484375 0.3765625 0.00546875 0.028125
0 0.317578125 0.378125 0.00546875 0.0265625
0 0.3046875 0.38203125 0.005859375 0.0296875
0 0.287890625 0.38125 0.00625 0.0328125
0 0.28515625 0.38125 0.005859375 0.03046875
0 0.27109375 0.38203125 0.0046875 0.0265625
0 0.280859375 0.38046875 0.005859375 0.03046875
0 0.212109375 0.3875 0.007421875 0.03828125
0 0.240625 0.3890625 0.0078125 0.0390625
0 0.2515625 0.3875 0.00703125 0.03515625
0 0.256640625 0.3890625 0.007421875 0.03828125
0 0.24609375 0.38828125 0.0078125 0.03984375
0 0.223828125 0.384375 0.00625 0.0328125
0 0.2296875 0.38984375 0.0078125 0.03828125
0 0.204296875 0.3984375 0.00546875 0.02734375
0 0.198046875 0.39296875 0.008203125 0.03984375
0 0.190625 0.39609375 0.00859375 0.04375
0 0.18203125 0.4 0.008203125 0.040625
0 0.110546875 0.38984375 0.007421875 0.03515625
0 0.11796875 0.39375 0.00859375 0.04609375
0 0.236328125 0.40078125 0.009765625 0.05
0 0.019140625 0.44609375 0.034375 0.1703125
0 0.015234375 0.4515625 0.03046875 0.16875
0 0.58828125 0.35390625 0.009765625 0.05
0 0.59921875 0.3578125 0.012109375 0.06171875
0 0.69375 0.34140625 0.00546875 0.028125
0 0.6890625 0.340625 0.0046875 0.0265625
0 0.6890625 0.35625 0.008203125 0.0421875
0 0.67890625 0.35390625 0.00859375 0.04375
0 0.68203125 0.35234375 0.00859375 0.04375
0 0.65859375 0.346875 0.0046875 0.025
0 0.665625 0.346875 0.00625 0.03203125
0 0.6609375 0.346875 0.005859375 0.0296875
0 0.669921875 0.3484375 0.00703125 0.03515625
0 0.6765625 0.359375 0.011328125 0.0546875
0 0.612890625 0.35859375 0.0078125 0.03828125
0 0.711328125 0.36875 0.019921875 0.09765625
0 0.709375 0.37109375 0.025 0.1234375
0 0.73828125 0.37109375 0.025390625 0.1265625
0 0.839453125 0.3625 0.042578125 0.2078125
0 0.796875 0.371875 0.03984375 0.19609375
0 0.8640625 0.36796875 0.0484375 0.23828125
0 0.826171875 0.36328125 0.05 0.2421875
0 0.5109375 0.35859375 0.00390625 0.0203125
0 0.3109375 0.3796875 0.00625 0.03203125
0 0.570703125 0.3703125 0.019921875 0.10078125
0 0.55 0.36796875 0.015625 0.078125
0 0.5765625 0.37421875 0.025390625 0.125
0 0.276171875 0.384375 0.00546875 0.0265625
0 0.2171875 0.39921875 0.009765625 0.0484375
0 0.58671875 0.271875 0.00546875 0.009375