0 0.986328125 0.415625 0.025390625 0.228125
0 0.189453125 0.24765625 0.003125 0.01640625
0 0.92109375 0.425 0.0421875 0.20703125
0 0.943359375 0.4265625 0.041015625 0.20234375
0 0.192578125 0.2484375 0.00234375 0.0140625
0 0.268359375 0.32421875 0.004296875 0.0234375
0 0.03515625 0.3765625 0.00390625 0.02265625
0 0.03828125 0.39453125 0.00859375 0.0453125
0 0.045703125 0.3875 0.008203125 0.040625
0 0.062109375 0.38671875 0.01015625 0.053125
0 0.030859375 0.39140625 0.013671875 0.0671875
0 0.159375 0.3859375 0.009765625 0.0484375
0 0.15390625 0.384375 0.01171875 0.05625
0 0.148828125 0.38203125 0.012109375 0.06171875
0 0.087890625 0.3890625 0.0109375 0.05390625
0 0.1 0.3890625 0.0109375 0.053125
0 0.1171875 0.38359375 0.013671875 0.06875
0 0.12578125 0.38671875 0.0125 0.0625
0 0.167578125 0.378125 0.01640625 0.08125
0 0.219140625 0.39453125 0.012109375 0.0609375
0 0.210546875 0.3921875 0.0125 0.0625
0 0.197265625 0.3828125 0.01640625 0.08203125
0 0.26015625 0.384375 0.01796875 0.0890625
0 0.2453125 0.3921875 0.01484375 0.0734375
0 0.4890625 0.3921875 0.0234375 0.115625
0 0.508203125 0.396875 0.01953125 0.0953125
0 0.47265625 0.403125 0.0234375 0.11640625
0 0.512109375 0.39765625 0.023828125 0.11796875
0 0.530859375 0.39375 0.025390625 0.1265625
0 0.5421875 0.39609375 0.025 0.121875
0 0.534375 0.403125 0.0234375 0.1140625
0 0.565234375 0.396875 0.026953125 0.13125
0 0.582421875 0.4 0.025390625 0.12578125
0 0.630859375 0.4125 0.0265625 0.12890625
0 0.60625 0.4015625 0.03203125 0.15703125
0 0.673046875 0.40859375 0.0328125 0.159375
0 0.64453125 0.4109375 0.03125 0.1546875
0 0.70078125 0.4046875 0.0359375 0.1796875
0 0.68359375 0.41015625 0.034375 0.16796875
0 0.77890625 0.4140625 0.034375 0.16796875
0 0.73828125 0.4125 0.03515625 0.1734375
0 0.492578125 0.3984375 0.02265625 0.1109375
0 0.765234375 0.4328125 0.0296875 0.1484375