0 0.558203125 0.35625 0.00546875 0.0296875
0 0.540625 0.3578125 0.00625 0.03125
0 0.833984375 0.38671875 0.029296875 0.14453125
0 0.94296875 0.3828125 0.051171875 0.2515625
0 0.4984375 0.36015625 0.005859375 0.03046875
0 0.45390625 0.36875 0.00625 0.03125
0 0.338671875 0.39921875 0.01796875 0.090625
0 0.226953125 0.4078125 0.0234375 0.11328125
0 0.187109375 0.41875 0.02890625 0.14140625
0 0.021875 0.41328125 0.038671875 0.190625
0 0.539453125 0.40546875 0.01640625 0.08125
0 0.41484375 0.38984375 0.01171875 0.059375
0 0.39296875 0.4015625 0.019921875 0.09765625
0 0.259375 0.45078125 0.042578125 0.2078125
0 0.381640625 0.37421875 0.019140625 0.05078125
0 0.409765625 0.3703125 0.023828125 0.0421875
0 0.4125 0.38828125 0.0015625 0.00078125
0 0.46640625 0.36796875 0.009375 0.028125