0 0.64296875 0.38203125 0.013671875 0.0671875
0 0.63671875 0.384375 0.013671875 0.0671875
0 0.6046875 0.39453125 0.008203125 0.040625
0 0.623046875 0.39453125 0.009765625 0.046875
0 0.628515625 0.3859375 0.013671875 0.0671875
0 0.618359375 0.3921875 0.01015625 0.053125
0 0.612890625 0.39375 0.009375 0.04609375
0 0.687109375 0.36875 0.0125 0.06328125
0 0.691796875 0.36640625 0.01328125 0.065625
0 0.695703125 0.36875 0.0140625 0.06953125
0 0.705078125 0.371875 0.013671875 0.06875
0 0.72734375 0.36875 0.015625 0.07734375
0 0.82109375 0.4 0.04609375 0.22734375
0 0.971875 0.42890625 0.0546875 0.3078125
0 0.51015625 0.3859375 0.013671875 0.06875
0 0.516015625 0.3921875 0.0140625 0.0703125
0 0.516015625 0.39140625 0.016015625 0.08125
0 0.496875 0.4 0.009765625 0.05
0 0.505859375 0.39375 0.0125 0.065625
0 0.508203125 0.39765625 0.0140625 0.071875
0 0.4359375 0.4 0.009375 0.046875
0 0.426171875 0.4015625 0.008203125 0.0421875
0 0.41328125 0.4 0.00859375 0.0453125
0 0.408203125 0.39921875 0.0078125 0.03984375
0 0.418359375 0.4 0.01484375 0.071875
0 0.433203125 0.4015625 0.0140625 0.07109375
0 0.474609375 0.39140625 0.017578125 0.0875
0 0.487890625 0.39609375 0.01953125 0.096875
0 0.46328125 0.396875 0.016015625 0.08125
0 0.459375 0.40078125 0.015234375 0.075
0 0.374609375 0.390625 0.01171875 0.05625
0 0.36953125 0.38984375 0.011328125 0.05625
0 0.351171875 0.39375 0.01328125 0.0640625
0 0.2953125 0.4046875 0.01328125 0.0640625
0 0.284375 0.40390625 0.0125 0.06328125
0 0.288671875 0.4015625 0.012109375 0.0609375
0 0.2703125 0.4015625 0.012109375 0.0609375
0 0.259375 0.4 0.0125 0.0640625
0 0.2234375 0.41875 0.0234375 0.11796875
0 0.18671875 0.4265625 0.0234375 0.1140625
0 0.20078125 0.44140625 0.03046875 0.15
0 0.112109375 0.50390625 0.089453125 0.4375
0 0.05078125 0.5328125 0.095703125 0.46796875