0 0.61875 0.3859375 0.00625 0.03125
0 0.625390625 0.3890625 0.0078125 0.03984375
0 0.62734375 0.3875 0.007421875 0.0375
0 0.647265625 0.3875 0.01015625 0.05078125
0 0.658984375 0.3859375 0.01015625 0.053125
0 0.64140625 0.38984375 0.009375 0.046875
0 0.644921875 0.3890625 0.009375 0.046875
0 0.737109375 0.3765625 0.009375 0.046875
0 0.763671875 0.371875 0.0078125 0.03828125
0 0.760546875 0.375 0.00625 0.0328125
0 0.876953125 0.37421875 0.01171875 0.05859375
0 0.83515625 0.45625 0.087890625 0.4328125
0 0.9671875 0.4390625 0.053125 0.2609375
0 0.969140625 0.4390625 0.06015625 0.375
0 0.966015625 0.48046875 0.066015625 0.3515625
0 0.70078125 0.4484375 0.0578125 0.28203125
0 0.69140625 0.459375 0.0625 0.3078125
0 0.7328125 0.44765625 0.056640625 0.278125
0 0.52734375 0.3875 0.0046875 0.0234375
0 0.540234375 0.384375 0.00546875 0.02734375
0 0.538671875 0.4015625 0.009765625 0.046875
0 0.544140625 0.4015625 0.01015625 0.0515625
0 0.531640625 0.4015625 0.0109375 0.053125
0 0.51015625 0.45859375 0.06015625 0.29375
0 0.570703125 0.44140625 0.0625 0.3046875
0 0.404296875 0.409375 0.00390625 0.0203125
0 0.4078125 0.41484375 0.0109375 0.05390625
0 0.379296875 0.42265625 0.009765625 0.05
0 0.373828125 0.41796875 0.011328125 0.05625
0 0.30703125 0.415625 0.011328125 0.05546875
0 0.295703125 0.40703125 0.007421875 0.0375
0 0.29765625 0.4171875 0.0109375 0.05390625
0 0.25859375 0.409375 0.0078125 0.03984375
0 0.30625 0.4234375 0.01171875 0.05859375
0 0.28671875 0.409375 0.0078125 0.03984375
0 0.26328125 0.41171875 0.009375 0.04609375
0 0.235546875 0.421875 0.009375 0.046875
0 0.2296875 0.4078125 0.00625 0.0328125
0 0.242578125 0.42109375 0.01015625 0.05
0 0.172265625 0.425 0.0109375 0.0515625
0 0.18671875 0.425 0.009765625 0.04765625
0 0.1375 0.43046875 0.01328125 0.065625
0 0.1078125 0.425 0.01171875 0.05859375
0 0.1109375 0.42734375 0.01171875 0.0578125
0 0.254296875 0.42578125 0.01171875 0.0609375
0 0.435546875 0.446875 0.05 0.2453125
0 0.38984375 0.41953125 0.01015625 0.05
0 0.181640625 0.42734375 0.00859375 0.04609375
0 0.33203125 0.41015625 0.00859375 0.04296875
0 0.3375 0.4109375 0.009375 0.04609375
0 0.319921875 0.4046875 0.0078125 0.03828125
0 0.31640625 0.4125 0.009765625 0.04765625
0 0.27109375 0.42109375 0.01328125 0.06640625
0 0.519921875 0.39609375 0.00625 0.03203125
0 0.6078125 0.45390625 0.0640625 0.31171875
0 0.41875 0.415625 0.01015625 0.0515625
0 0.41484375 0.41484375 0.009765625 0.05
0 0.12109375 0.425 0.009765625 0.046875
0 0.211328125 0.41328125 0.03515625 0.03984375
0 0.353515625 0.41640625 0.013671875 0.01875
0 0.75 0.37265625 0.017578125 0.0359375
0 0.88828125 0.3484375 0.0109375 0.0203125