0 0.483203125 0.39765625 0.007421875 0.0375
0 0.4890625 0.39921875 0.00625 0.03125
0 0.4953125 0.4 0.00625 0.03203125
0 0.492578125 0.4 0.00703125 0.0328125
0 0.501171875 0.4015625 0.00625 0.03203125
0 0.5296875 0.4046875 0.00859375 0.04296875
0 0.534765625 0.4046875 0.009765625 0.0484375
0 0.54375 0.3984375 0.008203125 0.04296875
0 0.5515625 0.40234375 0.011328125 0.05625
0 0.541796875 0.40703125 0.011328125 0.05546875
0 0.562109375 0.40390625 0.012109375 0.06171875
0 0.555078125 0.4046875 0.011328125 0.05546875
0 0.574609375 0.403125 0.0125 0.06171875
0 0.65 0.40703125 0.023046875 0.11328125
0 0.675390625 0.41171875 0.0203125 0.10234375
0 0.70078125 0.4078125 0.021484375 0.10625
0 0.858984375 0.42265625 0.03515625 0.1734375
0 0.89609375 0.40546875 0.04140625 0.2046875
0 0.34921875 0.4 0.003515625 0.01875
0 0.35234375 0.39921875 0.00390625 0.0203125
0 0.320703125 0.40390625 0.005859375 0.03046875
0 0.312890625 0.4015625 0.005859375 0.028125
0 0.261328125 0.4109375 0.009375 0.046875
0 0.24609375 0.41015625 0.009765625 0.0484375
0 0.24765625 0.4125 0.0109375 0.0515625
0 0.237890625 0.4125 0.0109375 0.05390625
0 0.253515625 0.409375 0.01171875 0.0578125
0 0.198046875 0.41640625 0.015234375 0.07734375
0 0.17890625 0.415625 0.015234375 0.0765625