0 0.75625 0.4 0.021875 0.11015625
0 0.736328125 0.4015625 0.02265625 0.11015625
0 0.715625 0.4015625 0.023046875 0.115625
0 0.79921875 0.38203125 0.01875 0.09296875
0 0.78671875 0.3796875 0.01796875 0.08984375
0 0.790234375 0.39453125 0.023828125 0.11875
0 0.30546875 0.409375 0.01484375 0.0734375
0 0.33515625 0.4125 0.015234375 0.07421875
0 0.698828125 0.396875 0.023828125 0.1203125
0 0.584375 0.4109375 0.0515625 0.2546875
0 0.296875 0.40859375 0.0125 0.06328125
0 0.251171875 0.409375 0.015234375 0.0765625
0 0.318359375 0.41328125 0.01484375 0.071875