0 0.425390625 0.2140625 0.0046875 0.025
0 0.196875 0.3796875 0.005859375 0.03046875
0 0.3640625 0.37421875 0.00703125 0.0359375
0 0.38671875 0.3734375 0.00859375 0.0453125
0 0.382421875 0.38203125 0.0109375 0.053125
0 0.343359375 0.3796875 0.009375 0.04609375
0 0.258203125 0.37890625 0.0078125 0.0390625
0 0.3578125 0.38125 0.009765625 0.05078125
0 0.38984375 0.38125 0.0109375 0.0546875
0 0.40390625 0.38046875 0.01015625 0.05
0 0.39921875 0.38125 0.01171875 0.05859375
0 0.416015625 0.38125 0.01171875 0.0578125
0 0.6546875 0.38515625 0.03203125 0.159375
0 0.726953125 0.37109375 0.033203125 0.1640625
0 0.683203125 0.359375 0.015625 0.078125
0 0.886328125 0.36953125 0.03828125 0.18671875
0 0.930078125 0.359375 0.040625 0.19921875
0 0.416015625 0.23125 0.005859375 0.0296875
0 0.176953125 0.38046875 0.00625 0.03203125
0 0.43203125 0.22734375 0.00625 0.03203125
0 0.349609375 0.378125 0.009765625 0.0484375
0 0.376171875 0.3796875 0.01015625 0.053125
0 0.493359375 0.15078125 0.00625 0.03046875