0 0.41484375 0.4328125 0.003515625 0.0171875
0 0.391796875 0.43046875 0.003515625 0.0171875
0 0.39296875 0.4421875 0.0046875 0.025
0 0.39609375 0.440625 0.005859375 0.0296875
0 0.391015625 0.44296875 0.00625 0.034375
0 0.421484375 0.43359375 0.00390625 0.01953125
0 0.437890625 0.43984375 0.004296875 0.02421875
0 0.43125 0.43125 0.003515625 0.0171875
0 0.433203125 0.4375 0.003515625 0.0171875
0 0.42734375 0.4453125 0.00390625 0.021875
0 0.479296875 0.43203125 0.003515625 0.01875
0 0.488671875 0.4328125 0.00390625 0.021875
0 0.49453125 0.43203125 0.003515625 0.01875
0 0.498828125 0.4296875 0.004296875 0.021875
0 0.50859375 0.4328125 0.00390625 0.01953125
0 0.51875 0.4328125 0.003515625 0.01953125
0 0.516796875 0.43203125 0.003515625 0.01875
0 0.533984375 0.43828125 0.00546875 0.02734375
0 0.541796875 0.43671875 0.00546875 0.02734375
0 0.53984375 0.43984375 0.0046875 0.0265625
0 0.54609375 0.43828125 0.0046875 0.025
0 0.554296875 0.43984375 0.00625 0.034375
0 0.550390625 0.434375 0.00390625 0.0203125
0 0.550390625 0.4484375 0.007421875 0.0375
0 0.566015625 0.434375 0.004296875 0.0234375
0 0.569921875 0.42890625 0.003515625 0.01875
0 0.572265625 0.43984375 0.00390625 0.0203125
0 0.56875 0.44921875 0.007421875 0.0375
0 0.5609375 0.46015625 0.0140625 0.0703125
0 0.60078125 0.46953125 0.007421875 0.0359375
0 0.594921875 0.45859375 0.011328125 0.05546875
0 0.616015625 0.45390625 0.0140625 0.07109375
0 0.62265625 0.44453125 0.01796875 0.08984375
0 0.60625 0.44453125 0.01796875 0.0890625
0 0.661328125 0.44140625 0.019140625 0.0953125
0 0.653125 0.44140625 0.017578125 0.0875
0 0.63203125 0.43203125 0.025 0.12421875
0 0.68671875 0.44453125 0.019140625 0.09453125
0 0.64765625 0.44609375 0.015234375 0.075
0 0.6453125 0.43828125 0.023046875 0.11328125
0 0.687109375 0.43828125 0.023046875 0.115625
0 0.676953125 0.43828125 0.021875 0.11015625
0 0.664453125 0.434375 0.0234375 0.115625
0 0.6703125 0.43046875 0.026953125 0.1328125
0 0.69921875 0.440625 0.02265625 0.1125
0 0.7546875 0.4421875 0.02421875 0.121875
0 0.739453125 0.4421875 0.023046875 0.115625
0 0.778125 0.4421875 0.02421875 0.11875
0 0.7671875 0.43828125 0.025 0.1234375
0 0.8015625 0.43828125 0.0265625 0.1296875
0 0.762109375 0.4359375 0.02734375 0.134375
0 0.72734375 0.4296875 0.031640625 0.1546875
0 0.707421875 0.43828125 0.027734375 0.1390625
0 0.78984375 0.43828125 0.029296875 0.146875
0 0.82734375 0.4328125 0.04453125 0.21875
0 0.335546875 0.4578125 0.009765625 0.0484375
0 0.343359375 0.459375 0.009375 0.04609375
0 0.5140625 0.459375 0.012109375 0.0609375
0 0.5265625 0.45703125 0.01328125 0.06640625