0 0.99453125 0.40234375 0.005859375 0.0296875
0 0.792578125 0.39375 0.0125 0.06328125
0 0.4625 0.3578125 0.013671875 0.06953125
0 0.516015625 0.38046875 0.01796875 0.0890625
0 0.533984375 0.38984375 0.01796875 0.0875
0 0.473828125 0.39765625 0.021875 0.10859375
0 0.445703125 0.4203125 0.05390625 0.26484375
0 0.43046875 0.43359375 0.050390625 0.24609375
0 0.0140625 0.4140625 0.028125 0.16796875
0 0.10625 0.41171875 0.023828125 0.11796875
0 0.097265625 0.40703125 0.02734375 0.134375
0 0.11796875 0.415625 0.030859375 0.15234375
0 0.084765625 0.4171875 0.0328125 0.16015625
0 0.1921875 0.40703125 0.029296875 0.1421875
0 0.212890625 0.41015625 0.02734375 0.134375
0 0.2921875 0.4359375 0.04609375 0.225
0 0.271875 0.428125 0.05078125 0.2484375
0 0.646875 0.446875 0.06796875 0.33203125
0 0.59453125 0.44140625 0.073828125 0.3609375
0 0.95078125 0.40234375 0.019140625 0.09375
0 0.496484375 0.4015625 0.023828125 0.1171875