0 0.38203125 0.34140625 0.004296875 0.02265625
0 0.36953125 0.34296875 0.003515625 0.01875
0 0.362109375 0.34609375 0.004296875 0.02265625
0 0.26328125 0.34140625 0.005859375 0.03046875
0 0.257421875 0.33984375 0.005859375 0.0296875
0 0.612890625 0.3390625 0.00703125 0.03515625
0 0.603125 0.3375 0.00703125 0.03515625
0 0.619140625 0.33671875 0.00703125 0.0328125
0 0.720703125 0.37421875 0.01640625 0.08125
0 0.7359375 0.3734375 0.0140625 0.06953125
0 0.75390625 0.378125 0.01484375 0.0734375
0 0.93671875 0.415625 0.0140625 0.07109375
0 0.39140625 0.3890625 0.023828125 0.1203125
0 0.42265625 0.33671875 0.00859375 0.0171875
0 0.43515625 0.33359375 0.009375 0.01484375
0 0.44765625 0.3265625 0.009765625 0.01171875