0 0.564453125 0.39921875 0.003125 0.01484375
0 0.56875 0.39921875 0.003125 0.0140625
0 0.57265625 0.39609375 0.00234375 0.01484375
0 0.628125 0.4078125 0.00859375 0.0453125
0 0.6234375 0.409375 0.00859375 0.0453125
0 0.636328125 0.40703125 0.009375 0.046875
0 0.646484375 0.41015625 0.009765625 0.0484375
0 0.65859375 0.41328125 0.01015625 0.05078125
0 0.64921875 0.41328125 0.009375 0.04765625
0 0.655859375 0.4140625 0.01015625 0.053125
0 0.6859375 0.409375 0.012109375 0.0609375
0 0.706640625 0.415625 0.009765625 0.0515625
0 0.7015625 0.41328125 0.0140625 0.071875
0 0.69453125 0.41484375 0.0140625 0.0703125
0 0.726953125 0.4140625 0.015234375 0.0765625
0 0.78203125 0.4125 0.01171875 0.05859375
0 0.786328125 0.41484375 0.012109375 0.06171875
0 0.777734375 0.4140625 0.013671875 0.06875
0 0.766796875 0.409375 0.019140625 0.0953125
0 0.8046875 0.41484375 0.01171875 0.059375
0 0.79921875 0.41796875 0.0109375 0.053125
0 0.81484375 0.41875 0.013671875 0.06640625
0 0.8328125 0.41484375 0.01328125 0.06640625
0 0.8390625 0.415625 0.0140625 0.0703125
0 0.8296875 0.41875 0.01328125 0.06640625
0 0.85234375 0.4078125 0.019140625 0.09375
0 0.874609375 0.41484375 0.01796875 0.0890625
0 0.88359375 0.41875 0.017578125 0.0875
0 0.91484375 0.4125 0.019921875 0.0984375
0 0.906640625 0.4171875 0.01875 0.090625
0 0.41875 0.4078125 0.00546875 0.0296875
0 0.246484375 0.41640625 0.0109375 0.05546875
0 0.099609375 0.415625 0.0125 0.0625
0 0.13828125 0.41640625 0.012109375 0.06171875
0 0.128125 0.42265625 0.0171875 0.08515625
0 0.11484375 0.43515625 0.0234375 0.1140625
0 0.1671875 0.41640625 0.0109375 0.05390625
0 0.172265625 0.41796875 0.01015625 0.05078125
0 0.179296875 0.4078125 0.008203125 0.0421875
0 0.18515625 0.4046875 0.00625 0.0328125
0 0.1890625 0.4078125 0.00703125 0.0328125
0 0.20625 0.4234375 0.015234375 0.075
0 0.21953125 0.41875 0.01015625 0.05078125
0 0.23515625 0.415625 0.0109375 0.0546875
0 0.257421875 0.415625 0.011328125 0.05625
0 0.25390625 0.41484375 0.01171875 0.059375
0 0.26640625 0.41640625 0.009765625 0.05
0 0.30703125 0.415625 0.0078125 0.03984375
0 0.281640625 0.4171875 0.009375 0.04609375
0 0.57109375 0.40390625 0.0046875 0.02421875
0 0.5765625 0.40546875 0.005859375 0.03046875
0 0.58671875 0.403125 0.00546875 0.028125
0 0.19453125 0.41484375 0.009765625 0.0484375
0 0.214453125 0.4 0.0046875 0.01953125
0 0.215625 0.42109375 0.003125 0.0125
0 0.223046875 0.403125 0.0078125 0.03125
0 0.27578125 0.41171875 0.008203125 0.04609375
0 0.293359375 0.421875 0.00234375 0.0390625
0 0.304296875 0.41640625 0.005859375 0.04375
0 0.61796875 0.4109375 0.007421875 0.05
0 0.759765625 0.4140625 0.00703125 0.06640625
0 0.8234375 0.41796875 0.012109375 0.06875
0 0.896875 0.415625 0.01640625 0.0859375
0 0.99140625 0.39375 0.01171875 0.06640625