0 0.455078125 0.39609375 0.00390625 0.01875
0 0.223046875 0.4234375 0.0078125 0.03984375
0 0.230078125 0.4359375 0.01015625 0.0515625
0 0.2171875 0.43671875 0.0125 0.0640625
0 0.203125 0.43828125 0.0109375 0.05390625
0 0.19453125 0.43828125 0.009375 0.046875
0 0.18984375 0.4390625 0.01171875 0.05859375
0 0.153125 0.43828125 0.01015625 0.05
0 0.1203125 0.4359375 0.01015625 0.0515625
0 0.092578125 0.43671875 0.011328125 0.05625
0 0.827734375 0.425 0.008203125 0.03984375
0 0.3640625 0.39921875 0.0046875 0.0265625
0 0.395703125 0.415625 0.00625 0.03125
0 0.40078125 0.41484375 0.00703125 0.0328125
0 0.846875 0.4203125 0.008203125 0.0421875
0 0.1875 0.43828125 0.01171875 0.059375
0 0.1609375 0.43359375 0.01171875 0.05625
0 0.843359375 0.41171875 0.004296875 0.02265625