0 0.437890625 0.4 0.0125 0.0625
0 0.62421875 0.39921875 0.021484375 0.10546875
0 0.7734375 0.3921875 0.029296875 0.1453125
0 0.8015625 0.4 0.02890625 0.14375
0 0.919921875 0.39140625 0.04296875 0.21171875
0 0.940625 0.378125 0.0484375 0.23515625
0 0.972265625 0.38359375 0.05078125 0.24921875
0 0.19453125 0.41484375 0.01953125 0.09765625
0 0.2359375 0.43046875 0.025390625 0.12578125
0 0.17890625 0.41953125 0.029296875 0.14375
0 0.191796875 0.4234375 0.025 0.121875
0 0.155859375 0.425 0.023828125 0.1171875
0 0.13359375 0.41953125 0.02734375 0.1359375
0 0.595703125 0.421875 0.03984375 0.196875