0 0.2703125 0.46328125 0.040625 0.1984375
0 0.285546875 0.43359375 0.00859375 0.0453125
0 0.29453125 0.434375 0.009375 0.046875
0 0.67734375 0.44921875 0.04375 0.21484375
0 0.7171875 0.4515625 0.052734375 0.2609375
0 0.73046875 0.46015625 0.0546875 0.26875
0 0.84453125 0.48203125 0.06171875 0.3015625
0 0.925 0.4625 0.062890625 0.30859375
0 0.91328125 0.49296875 0.0640625 0.3140625
0 0.778125 0.478125 0.070703125 0.34453125
0 0.679296875 0.4578125 0.05390625 0.2640625
0 0.79375 0.48125 0.08125 0.39765625
0 0.875 0.49921875 0.07734375 0.378125
0 0.9484375 0.49375 0.07734375 0.3765625