0 0.984765625 0.4546875 0.02890625 0.21875
0 0.7796875 0.4125 0.034765625 0.1703125
0 0.765234375 0.4078125 0.0375 0.18671875
0 0.6875 0.4015625 0.033203125 0.1640625
0 0.659765625 0.3875 0.03046875 0.14921875
0 0.665625 0.41484375 0.031640625 0.15625
0 0.67421875 0.4234375 0.0328125 0.1609375
0 0.437890625 0.36015625 0.016015625 0.0796875
0 0.466015625 0.37265625 0.023828125 0.11796875
0 0.453515625 0.36875 0.0203125 0.10234375
0 0.514453125 0.4 0.03359375 0.165625
0 0.48984375 0.39375 0.035546875 0.175
0 0.4109375 0.375 0.01640625 0.08203125
0 0.373046875 0.3625 0.017578125 0.0859375
0 0.3828125 0.3640625 0.0234375 0.115625
0 0.4 0.365625 0.02109375 0.103125
0 0.351953125 0.371875 0.01953125 0.09765625
0 0.015234375 0.33671875 0.01171875 0.0578125
0 0.13125 0.340625 0.01328125 0.06640625
0 0.056640625 0.33515625 0.01171875 0.05859375
0 0.030859375 0.33671875 0.009765625 0.05078125
0 0.2546875 0.3484375 0.016015625 0.08125