0 0.870703125 0.36875 0.0125 0.0625
0 0.915234375 0.35234375 0.016015625 0.08125
0 0.89609375 0.35703125 0.016015625 0.07890625
0 0.881640625 0.40703125 0.026953125 0.134375
0 0.2859375 0.39140625 0.00703125 0.0328125
0 0.7265625 0.37890625 0.00859375 0.0453125
0 0.663671875 0.3671875 0.007421875 0.0375
0 0.630078125 0.35234375 0.004296875 0.0234375
0 0.653125 0.36015625 0.004296875 0.021875
0 0.657421875 0.3609375 0.004296875 0.021875
0 0.619140625 0.36328125 0.00703125 0.03515625
0 0.537890625 0.40859375 0.023046875 0.1125
0 0.563671875 0.4046875 0.021875 0.109375
0 0.574609375 0.4015625 0.0265625 0.13125
0 0.4734375 0.4 0.004296875 0.02265625
0 0.602734375 0.409375 0.02109375 0.1046875
0 0.616796875 0.4109375 0.019921875 0.0984375
0 0.638671875 0.40546875 0.0234375 0.1171875
0 0.6140625 0.4328125 0.01328125 0.0640625
0 0.624609375 0.403125 0.021875 0.11015625
0 0.828515625 0.37890625 0.009375 0.046875
0 0.8375 0.37578125 0.0109375 0.05546875
0 0.818359375 0.37265625 0.01171875 0.059375
0 0.79296875 0.38046875 0.00859375 0.04375
0 0.7859375 0.37578125 0.0109375 0.05390625
0 0.78046875 0.37109375 0.0125 0.0625
0 0.8015625 0.36875 0.013671875 0.06953125
0 0.800390625 0.371875 0.0125 0.0625
0 0.819140625 0.36875 0.01328125 0.06640625
0 0.81015625 0.36796875 0.013671875 0.0671875
0 0.847265625 0.378125 0.009765625 0.05
0 0.676171875 0.36796875 0.0078125 0.03828125
0 0.854296875 0.36796875 0.0140625 0.0703125
0 0.865234375 0.36640625 0.01484375 0.071875
0 0.67109375 0.4078125 0.023046875 0.1125
0 0.6828125 0.36640625 0.012109375 0.0609375
0 0.681640625 0.4 0.017578125 0.0875
0 0.67578125 0.409375 0.021484375 0.1046875
0 0.696875 0.35546875 0.00859375 0.0453125
0 0.702734375 0.35390625 0.01015625 0.0515625
0 0.715234375 0.359375 0.00859375 0.04296875
0 0.709375 0.3625 0.0109375 0.0546875
0 0.7140625 0.4046875 0.023828125 0.11640625
0 0.703515625 0.40546875 0.0234375 0.115625
0 0.69375 0.39921875 0.021875 0.10625
0 0.64921875 0.35390625 0.004296875 0.02265625
0 0.671484375 0.3546875 0.00390625 0.01953125