0 0.32890625 0.40546875 0.021484375 0.1078125
0 0.352734375 0.4015625 0.021875 0.10859375
0 0.503125 0.37109375 0.003125 0.015625
0 0.50546875 0.359375 0.0015625 0.0078125
0 0.569921875 0.378125 0.0078125 0.0421875
0 0.783984375 0.428125 0.027734375 0.13671875
0 0.7171875 0.45234375 0.0234375 0.115625
0 0.748828125 0.40703125 0.03671875 0.18125
0 0.615625 0.3859375 0.02421875 0.11875
0 0.507421875 0.36875 0.003515625 0.01875
0 0.519140625 0.365625 0.00390625 0.0203125
0 0.52578125 0.36796875 0.00390625 0.0203125
0 0.53984375 0.375 0.013671875 0.06875
0 0.54921875 0.3828125 0.015234375 0.07421875
0 0.504296875 0.36953125 0.00625 0.02265625