0 0.453515625 0.41875 0.003515625 0.01953125
0 0.46015625 0.41875 0.003515625 0.0171875
0 0.5453125 0.409375 0.00859375 0.04296875
0 0.5609375 0.409375 0.01015625 0.053125
0 0.5703125 0.4109375 0.009765625 0.0484375
0 0.5921875 0.409375 0.012109375 0.0609375
0 0.58046875 0.4078125 0.013671875 0.06953125
0 0.683203125 0.4046875 0.02578125 0.12890625
0 0.694921875 0.428125 0.03046875 0.14921875
0 0.73046875 0.403125 0.03125 0.15234375
0 0.77265625 0.4140625 0.0375 0.1859375
0 0.804296875 0.4140625 0.03359375 0.165625
0 0.8078125 0.4234375 0.037109375 0.18125
0 0.878125 0.4125 0.0375 0.18671875
0 0.85 0.42421875 0.034765625 0.16875
0 0.916796875 0.42421875 0.034765625 0.16875
0 0.93046875 0.43984375 0.0421875 0.2078125
0 0.91796875 0.47734375 0.03203125 0.1578125
0 0.983203125 0.4421875 0.031640625 0.1625
0 0.967578125 0.434375 0.047265625 0.23359375
0 0.29140625 0.4265625 0.0046875 0.02421875
0 0.18359375 0.43359375 0.00859375 0.04296875
0 0.163671875 0.428125 0.01015625 0.0515625
0 0.75859375 0.4328125 0.023046875 0.115625
0 0.17578125 0.41796875 0.00703125 0.015625
0 0.28125 0.428125 0.00703125 0.0265625
0 0.448828125 0.4171875 0.00703125 0.0265625
0 0.553515625 0.4015625 0.004296875 0.01953125
0 0.557421875 0.4265625 0.0015625 0.015625
0 0.92578125 0.5015625 0.00703125 0.0328125
0 0.930859375 0.53203125 0.01015625 0.0265625
0 0.93125 0.3390625 0.0078125 0.0078125
0 0.946484375 0.42265625 0.026953125 0.20703125
0 0.937109375 0.5484375 0.00625 0.003125