0 0.883984375 0.4171875 0.00234375 0.0140625
0 0.8875 0.4265625 0.004296875 0.021875
0 0.879296875 0.42421875 0.005859375 0.028125
0 0.7734375 0.4296875 0.034375 0.1703125
0 0.5921875 0.44609375 0.01640625 0.08203125
0 0.605078125 0.44375 0.0171875 0.08515625
0 0.595703125 0.446875 0.01640625 0.0828125
0 0.940625 0.4390625 0.0359375 0.17890625
0 0.910546875 0.4296875 0.039453125 0.19375
0 0.655859375 0.42578125 0.037109375 0.18125
0 0.664453125 0.43984375 0.031640625 0.15703125
0 0.694921875 0.43046875 0.03671875 0.1796875
0 0.558203125 0.4421875 0.017578125 0.0875
0 0.632421875 0.41484375 0.042578125 0.2078125
0 0.5703125 0.42265625 0.034375 0.16875
0 0.46953125 0.4296875 0.015625 0.0765625
0 0.49140625 0.43046875 0.0328125 0.1609375
0 0.51796875 0.42890625 0.035546875 0.17578125
0 0.56875 0.43125 0.03515625 0.17265625
0 0.53984375 0.43125 0.034765625 0.16875
0 0.30078125 0.428125 0.01171875 0.05625
0 0.289453125 0.42890625 0.011328125 0.0546875
0 0.30546875 0.428125 0.011328125 0.0578125
0 0.2953125 0.4296875 0.009375 0.046875
0 0.28046875 0.425 0.01171875 0.0578125
0 0.263671875 0.425 0.0125 0.0625
0 0.11171875 0.41640625 0.009765625 0.04765625
0 0.103515625 0.41953125 0.01171875 0.0578125
0 0.121875 0.41328125 0.01171875 0.059375
0 0.11171875 0.42109375 0.0109375 0.0546875
0 0.769140625 0.43046875 0.025390625 0.125