0 0.534765625 0.35234375 0.003515625 0.01875
0 0.530859375 0.36015625 0.0046875 0.025
0 0.5640625 0.35078125 0.003125 0.01640625
0 0.560546875 0.34921875 0.001953125 0.0125
0 0.557421875 0.35078125 0.00234375 0.0140625
0 0.55234375 0.35234375 0.00234375 0.0140625
0 0.546484375 0.346875 0.001953125 0.0109375
0 0.544140625 0.35078125 0.00234375 0.0125
0 0.683203125 0.36328125 0.0109375 0.053125
0 0.696875 0.35234375 0.009765625 0.0484375
0 0.705859375 0.3546875 0.009375 0.046875
0 0.754296875 0.3265625 0.0109375 0.0515625
0 0.775390625 0.32734375 0.00703125 0.0359375
0 0.383203125 0.378125 0.003515625 0.01875
0 0.3453125 0.38203125 0.0046875 0.025
0 0.3609375 0.38359375 0.00546875 0.0265625
0 0.36875 0.38203125 0.00546875 0.028125
0 0.249609375 0.384375 0.005859375 0.03203125
0 0.16640625 0.39140625 0.008203125 0.040625
0 0.142578125 0.3984375 0.0078125 0.0390625
0 0.13359375 0.38671875 0.008203125 0.040625
0 0.122265625 0.38984375 0.007421875 0.0375
0 0.095703125 0.11875 0.01875 0.0921875
0 0.136328125 0.1234375 0.01484375 0.07421875
0 0.144921875 0.12421875 0.015625 0.0765625
0 0.153515625 0.12734375 0.0140625 0.06953125
0 0.155859375 0.1234375 0.015625 0.07734375
0 0.127734375 0.115625 0.019140625 0.09296875
0 0.925390625 0.07421875 0.012109375 0.0625
0 0.780859375 0.0984375 0.01171875 0.05625
0 0.66875 0.09765625 0.01484375 0.071875
0 0.673828125 0.0953125 0.01484375 0.07421875
0 0.64609375 0.103125 0.0125 0.06328125
0 0.63515625 0.10390625 0.0125 0.06328125
0 0.631640625 0.09140625 0.01796875 0.0890625
0 0.51796875 0.09453125 0.01796875 0.08671875
0 0.433203125 0.10625 0.013671875 0.0671875
0 0.447265625 0.10234375 0.015625 0.07734375
0 0.4171875 0.0953125 0.017578125 0.0890625
0 0.401171875 0.09609375 0.01796875 0.090625
0 0.4078125 0.09296875 0.01953125 0.0953125
0 0.36796875 0.1078125 0.01484375 0.071875
0 0.378515625 0.10234375 0.017578125 0.08671875
0 0.23515625 0.1078125 0.01875 0.08984375
0 0.247265625 0.1046875 0.019140625 0.096875
0 0.246875 0.1109375 0.01640625 0.084375
0 0.291796875 0.10859375 0.016015625 0.0796875
0 0.30546875 0.10859375 0.015234375 0.07734375
0 0.28125 0.10234375 0.017578125 0.08671875
0 0.88984375 0.07265625 0.015234375 0.075
0 0.879296875 0.08125 0.015234375 0.075
0 0.88828125 0.0875 0.0171875 0.084375
0 0.848828125 0.09375 0.016015625 0.0796875
0 0.840234375 0.08671875 0.019140625 0.09453125
0 0.85703125 0.08828125 0.01875 0.09296875
0 0.825 0.096875 0.0140625 0.07109375
0 0.823046875 0.090625 0.0171875 0.08203125
0 0.627734375 0.3890625 0.0171875 0.084375
0 0.903125 0.34765625 0.02421875 0.12109375
0 0.891015625 0.32109375 0.019140625 0.09375
0 0.8265625 0.353125 0.021484375 0.1046875
0 0.84140625 0.3578125 0.02421875 0.12109375
0 0.86484375 0.35390625 0.0359375 0.1765625
0 0.8890625 0.35625 0.0328125 0.1609375
0 0.83828125 0.3609375 0.034765625 0.171875
0 0.87265625 0.08125 0.016015625 0.0796875
0 0.8890625 0.10546875 0.01640625 0.08203125
0 0.391015625 0.378125 0.004296875 0.02421875
0 0.04140625 0.39609375 0.01328125 0.065625
0 0.105078125 0.3953125 0.012109375 0.0609375
0 0.791015625 0.3484375 0.01875 0.0921875
0 0.511328125 0.3609375 0.025390625 0.03203125
0 0.525390625 0.346875 0.00390625 0.003125