0 0.4796875 0.396875 0.0046875 0.025
0 0.458203125 0.39375 0.00625 0.03203125
0 0.45234375 0.39609375 0.00546875 0.028125
0 0.40078125 0.39375 0.0078125 0.03828125
0 0.3921875 0.39765625 0.008203125 0.04375
0 0.398046875 0.39765625 0.00859375 0.04375
0 0.350390625 0.40234375 0.015234375 0.07421875
0 0.156640625 0.44140625 0.0265625 0.12890625
0 0.181640625 0.4171875 0.0359375 0.178125
0 0.146875 0.4265625 0.0359375 0.178125
0 0.116015625 0.42109375 0.0375 0.18359375
0 0.10234375 0.42890625 0.0359375 0.1765625
0 0.112890625 0.4390625 0.034765625 0.16796875
0 0.160546875 0.4390625 0.033203125 0.1640625
0 0.54453125 0.409375 0.0390625 0.1921875
0 0.6109375 0.41484375 0.03359375 0.16796875