0 0.125390625 0.45625 0.008203125 0.04296875
0 0.13359375 0.45390625 0.005859375 0.0296875
0 0.191015625 0.44140625 0.007421875 0.0375
0 0.194921875 0.44609375 0.007421875 0.03828125
0 0.2046875 0.44609375 0.00625 0.03125
0 0.222265625 0.4453125 0.005859375 0.03125
0 0.226171875 0.44296875 0.007421875 0.0359375
0 0.28203125 0.440625 0.0125 0.0625
0 0.52265625 0.425 0.017578125 0.0859375
0 0.534765625 0.425 0.015625 0.078125
0 0.709375 0.415625 0.01953125 0.09453125
0 0.86796875 0.41484375 0.0125 0.0609375
0 0.875390625 0.409375 0.009765625 0.05
0 0.88046875 0.415625 0.013671875 0.0671875
0 0.969140625 0.44765625 0.06015625 0.3171875
0 0.978125 0.45625 0.04140625 0.37421875
0 0.91953125 0.43359375 0.0453125 0.22265625
0 0.903125 0.4421875 0.04609375 0.22578125
0 0.73515625 0.44453125 0.05625 0.27734375
0 0.81796875 0.44921875 0.0484375 0.2359375
0 0.85859375 0.44609375 0.04765625 0.23515625
0 0.78671875 0.4484375 0.058984375 0.28984375
0 0.752734375 0.4578125 0.055078125 0.2703125
0 0.727734375 0.44140625 0.0609375 0.30078125
0 0.749609375 0.46015625 0.064453125 0.31640625
0 0.81796875 0.4703125 0.081640625 0.3984375
0 0.851171875 0.5390625 0.08046875 0.39453125
0 0.580859375 0.44453125 0.035546875 0.17578125
0 0.617578125 0.44765625 0.05234375 0.2546875
0 0.6390625 0.44609375 0.05703125 0.28046875
0 0.55234375 0.44375 0.042578125 0.21015625
0 0.5015625 0.47421875 0.05390625 0.2625
0 0.496484375 0.4578125 0.0640625 0.315625
0 0.573046875 0.478125 0.082421875 0.40546875
0 0.61875 0.56171875 0.066796875 0.32734375
0 0.33046875 0.46328125 0.041015625 0.20234375
0 0.39765625 0.47421875 0.0515625 0.2546875
0 0.4109375 0.44765625 0.065625 0.31953125
0 0.262109375 0.4703125 0.043359375 0.2125
0 0.0359375 0.465625 0.009375 0.0484375
0 0.02265625 0.46484375 0.01171875 0.05625
0 0.03046875 0.46171875 0.01171875 0.05859375
0 0.053515625 0.46171875 0.01015625 0.05078125
0 0.044140625 0.46484375 0.01015625 0.053125
0 0.1640625 0.4515625 0.034375 0.16796875
0 0.29453125 0.4359375 0.01328125 0.06640625
0 0.1296875 0.45625 0.007421875 0.0359375
0 0.944140625 0.4265625 0.040625 0.19921875
0 0.956640625 0.42265625 0.04296875 0.2109375
0 0.957421875 0.44609375 0.044921875 0.221875
0 0.08671875 0.4671875 0.03046875 0.1484375
0 0.0734375 0.465625 0.031640625 0.15703125
0 0.177734375 0.4578125 0.02734375 0.1359375