0 0.50390625 0.378125 0.00703125 0.0328125
0 0.65078125 0.371875 0.00625 0.03125
0 0.6546875 0.375 0.0046875 0.025
0 0.6421875 0.39609375 0.02421875 0.121875
0 0.533984375 0.4 0.02578125 0.128125
0 0.539453125 0.3984375 0.028125 0.140625
0 0.544921875 0.39765625 0.033203125 0.1640625
0 0.58671875 0.39921875 0.02734375 0.134375
0 0.575 0.39296875 0.03203125 0.15703125
0 0.56015625 0.39765625 0.034375 0.16796875
0 0.41875 0.39765625 0.02578125 0.12890625
0 0.425 0.403125 0.02421875 0.12109375
0 0.444921875 0.425 0.01953125 0.096875
0 0.43203125 0.39765625 0.030859375 0.1515625
0 0.383203125 0.4 0.025 0.12109375
0 0.321875 0.39609375 0.02421875 0.11796875
0 0.0640625 0.3953125 0.01015625 0.05
0 0.215625 0.409375 0.02734375 0.1359375
0 0.21796875 0.415625 0.02578125 0.1265625
0 0.102734375 0.41484375 0.026953125 0.13203125
0 0.01796875 0.42109375 0.0296875 0.14765625
0 0.672265625 0.39921875 0.03203125 0.15703125
0 0.48671875 0.403125 0.03125 0.1546875
0 0.630859375 0.38203125 0.01875 0.0921875
0 0.182421875 0.4015625 0.01796875 0.090625
0 0.2984375 0.39140625 0.011328125 0.03203125