0 0.508203125 0.37578125 0.01015625 0.05
0 0.62890625 0.41796875 0.03515625 0.171875
0 0.7921875 0.3984375 0.034765625 0.171875
0 0.77421875 0.403125 0.03359375 0.165625
0 0.833203125 0.390625 0.038671875 0.1890625
0 0.64609375 0.40703125 0.04453125 0.21796875
0 0.58203125 0.41328125 0.03984375 0.1984375
0 0.528515625 0.421875 0.039453125 0.19375
0 0.459375 0.3796875 0.01015625 0.0515625
0 0.285546875 0.4203125 0.03671875 0.18046875
0 0.27421875 0.4203125 0.034765625 0.1703125
0 0.2875 0.42578125 0.03828125 0.1859375
0 0.6109375 0.37578125 0.009375 0.046875
0 0.57578125 0.3734375 0.01171875 0.05859375
0 0.61953125 0.37265625 0.009375 0.04609375
0 0.342578125 0.375 0.01015625 0.05078125
0 0.422265625 0.37421875 0.01015625 0.053125
0 0.663671875 0.3734375 0.009375 0.046875