0 0.069140625 0.371875 0.012109375 0.0609375
0 0.053125 0.36640625 0.01171875 0.0578125
0 0.08359375 0.37109375 0.012109375 0.0609375
0 0.22421875 0.37734375 0.01171875 0.0578125
0 0.22265625 0.3765625 0.013671875 0.06875
0 0.9828125 0.26640625 0.03203125 0.1640625
0 0.9390625 0.265625 0.034375 0.1703125
0 0.983984375 0.39140625 0.03046875 0.296875
0 0.7546875 0.38671875 0.03515625 0.171875
0 0.7375 0.4046875 0.03203125 0.16015625
0 0.780078125 0.38359375 0.043359375 0.2125
0 0.54453125 0.37265625 0.012109375 0.06171875
0 0.5375 0.378125 0.011328125 0.05625
0 0.541015625 0.371875 0.013671875 0.06953125
0 0.525 0.378125 0.01171875 0.05859375
0 0.575 0.346875 0.0046875 0.025
0 0.584375 0.365625 0.009375 0.0484375
0 0.598828125 0.34296875 0.004296875 0.0203125
0 0.576953125 0.38125 0.01328125 0.065625
0 0.608984375 0.36875 0.0140625 0.07109375
0 0.617578125 0.36953125 0.016015625 0.07890625
0 0.593359375 0.3796875 0.0203125 0.1
0 0.641796875 0.36875 0.016015625 0.07890625
0 0.632421875 0.37421875 0.021484375 0.1046875
0 0.61796875 0.3875 0.021875 0.109375
0 0.60390625 0.3890625 0.02421875 0.11875
0 0.62578125 0.38828125 0.0234375 0.1140625
0 0.651953125 0.384375 0.023046875 0.1125
0 0.67421875 0.378125 0.02421875 0.1203125
0 0.650390625 0.403125 0.01875 0.09375
0 0.482421875 0.37578125 0.01171875 0.05859375
0 0.36171875 0.36875 0.013671875 0.06640625
0 0.51015625 0.35703125 0.00703125 0.034375
0 0.5046875 0.35703125 0.007421875 0.0359375
0 0.51328125 0.33125 0.011328125 0.01484375
0 0.516015625 0.35 0.00390625 0.0140625
0 0.5859375 0.34296875 0.0125 0.0234375