0 0.2421875 0.428125 0.009765625 0.0484375
0 0.50078125 0.44609375 0.017578125 0.0875
0 0.52265625 0.44453125 0.017578125 0.0875
0 0.48671875 0.446875 0.01953125 0.096875
0 0.47109375 0.44453125 0.021484375 0.10859375
0 0.683984375 0.41796875 0.009765625 0.0484375
0 0.711328125 0.41484375 0.009375 0.046875
0 0.716015625 0.41484375 0.009375 0.0453125
0 0.70078125 0.41484375 0.008203125 0.04296875
0 0.695703125 0.41796875 0.01015625 0.053125
0 0.74140625 0.41484375 0.0078125 0.0390625
0 0.790625 0.4109375 0.00625 0.03046875
0 0.78046875 0.4078125 0.00703125 0.034375