0 0.50390625 0.41328125 0.003125 0.0171875
0 0.585546875 0.40859375 0.01015625 0.0515625
0 0.641015625 0.41171875 0.00859375 0.04375
0 0.6171875 0.4078125 0.00859375 0.04609375
0 0.61875 0.41171875 0.008203125 0.0421875
0 0.602734375 0.409375 0.009375 0.046875
0 0.7203125 0.40546875 0.009765625 0.0484375
0 0.758203125 0.40390625 0.005859375 0.03046875
0 0.76796875 0.4 0.005859375 0.03046875
0 0.7734375 0.4 0.005859375 0.03046875
0 0.799609375 0.396875 0.01015625 0.053125
0 0.9640625 0.3953125 0.019921875 0.10078125
0 0.49140625 0.41484375 0.00859375 0.04375
0 0.484765625 0.4125 0.01015625 0.05078125
0 0.468359375 0.4171875 0.007421875 0.0375
0 0.4640625 0.415625 0.009375 0.0453125
0 0.457421875 0.415625 0.008203125 0.04296875
0 0.449609375 0.41328125 0.009765625 0.0484375
0 0.4421875 0.41484375 0.009765625 0.0515625
0 0.421484375 0.415625 0.009765625 0.0484375
0 0.431640625 0.41640625 0.009765625 0.05
0 0.258984375 0.42421875 0.00625 0.03203125
0 0.2453125 0.4234375 0.00703125 0.034375
0 0.1453125 0.42265625 0.013671875 0.06875
0 0.16015625 0.4265625 0.01484375 0.07109375
0 0.151953125 0.42265625 0.0140625 0.071875
0 0.167578125 0.42421875 0.01484375 0.0734375
0 0.7875 0.396875 0.0109375 0.05546875
0 0.445703125 0.4140625 0.01015625 0.05078125
0 0.135546875 0.42421875 0.012109375 0.059375
0 0.176953125 0.42890625 0.01015625 0.07109375
0 0.182421875 0.4640625 0.0015625 0.0015625
0 0.18828125 0.4234375 0.0046875 0.046875
0 0.196484375 0.43203125 0.00625 0.0671875
0 0.419921875 0.39921875 0.001953125 0.003125
0 0.426953125 0.4296875 0.00625 0.0234375
0 0.42734375 0.40078125 0.0046875 0.0203125
0 0.6265625 0.4203125 0.000390625 0.00859375
0 0.63125 0.4078125 0.00625 0.02265625