0 0.79140625 0.40078125 0.047265625 0.23125
0 0.785546875 0.403125 0.046875 0.23125
0 0.74921875 0.40390625 0.04453125 0.21953125
0 0.76484375 0.403125 0.05078125 0.25
0 0.88125 0.39609375 0.025390625 0.12578125
0 0.9421875 0.3984375 0.01953125 0.09765625
0 0.96484375 0.38203125 0.025390625 0.1265625
0 0.99375 0.3875 0.0109375 0.1046875
0 0.966796875 0.41484375 0.01875 0.09296875
0 0.841015625 0.37421875 0.008203125 0.040625
0 0.581640625 0.3796875 0.01015625 0.05390625
0 0.49296875 0.37109375 0.003515625 0.0171875
0 0.366796875 0.36953125 0.0109375 0.0125