0 0.1046875 0.446875 0.0046875 0.025
0 0.12578125 0.45625 0.0078125 0.0390625
0 0.093359375 0.46328125 0.009375 0.04609375
0 0.0796875 0.46015625 0.01015625 0.053125
0 0.064453125 0.46875 0.037109375 0.1796875
0 0.024609375 0.471875 0.034765625 0.1703125
0 0.02578125 0.51015625 0.051171875 0.44453125
0 0.525390625 0.4265625 0.017578125 0.08671875
0 0.331640625 0.45859375 0.0578125 0.284375
0 0.259375 0.4640625 0.034375 0.16875
0 0.28046875 0.46796875 0.03125 0.153125
0 0.17890625 0.4578125 0.026953125 0.13359375
0 0.165234375 0.453125 0.03359375 0.165625
0 0.207421875 0.4640625 0.039453125 0.19375
0 0.221875 0.4796875 0.062109375 0.3015625
0 0.865625 0.42421875 0.0078125 0.03828125
0 0.94609375 0.42578125 0.046484375 0.2265625
0 0.9640625 0.43515625 0.047265625 0.23359375
0 0.98515625 0.4328125 0.027734375 0.25078125
0 0.9 0.4 0.01953125 0.09765625
0 0.89609375 0.4453125 0.0484375 0.23828125
0 0.933203125 0.43359375 0.06015625 0.2953125
0 0.70859375 0.415625 0.01796875 0.090625
0 0.72734375 0.4203125 0.01640625 0.0828125
0 0.79140625 0.4359375 0.0375 0.18359375
0 0.79375 0.4390625 0.037109375 0.18359375
0 0.83125 0.4515625 0.064453125 0.31640625
0 0.844140625 0.459375 0.0625 0.3046875
0 0.535546875 0.4265625 0.01640625 0.08203125
0 0.558984375 0.4421875 0.04296875 0.21171875
0 0.6078125 0.43203125 0.041015625 0.2
0 0.559375 0.45 0.04609375 0.22578125
0 0.577734375 0.4515625 0.047265625 0.23125
0 0.6328125 0.43515625 0.037109375 0.1828125
0 0.65390625 0.44609375 0.03671875 0.18046875
0 0.665234375 0.44765625 0.038671875 0.190625
0 0.6609375 0.4421875 0.04296875 0.2109375
0 0.629296875 0.43828125 0.0453125 0.221875
0 0.60078125 0.453125 0.064453125 0.31640625
0 0.5984375 0.478125 0.08203125 0.4
0 0.5109375 0.42890625 0.015625 0.078125
0 0.503125 0.465625 0.03671875 0.1796875
0 0.481640625 0.44375 0.04453125 0.21875
0 0.49375 0.4515625 0.0453125 0.22265625
0 0.447265625 0.4703125 0.0671875 0.3296875
0 0.45234375 0.45625 0.076171875 0.37109375
0 0.44453125 0.478125 0.0671875 0.3296875
0 0.38515625 0.4890625 0.0734375 0.35859375
0 0.4359375 0.496875 0.087890625 0.4296875
0 0.4234375 0.496875 0.09375 0.459375
0 0.31640625 0.46875 0.091796875 0.44921875
0 0.707421875 0.43125 0.039453125 0.19375