0 0.119140625 0.39609375 0.00703125 0.0359375
0 0.04375 0.40390625 0.00859375 0.04609375
0 0.522265625 0.38984375 0.009375 0.046875
0 0.504296875 0.3875 0.008203125 0.040625
0 0.555078125 0.390625 0.01171875 0.05859375
0 0.584375 0.4 0.015234375 0.07421875
0 0.601171875 0.39375 0.0140625 0.07109375
0 0.61640625 0.4015625 0.015234375 0.0765625
0 0.71328125 0.403125 0.021484375 0.10625
0 0.671484375 0.4 0.016015625 0.0796875
0 0.6515625 0.40390625 0.02109375 0.10234375
0 0.6625 0.4078125 0.02734375 0.13671875
0 0.70546875 0.3921875 0.016015625 0.07890625
0 0.6984375 0.4046875 0.01953125 0.09765625
0 0.723046875 0.4 0.02890625 0.14375
0 0.678125 0.41171875 0.02265625 0.11015625
0 0.74296875 0.4 0.02578125 0.1265625
0 0.771484375 0.384375 0.03046875 0.1484375
0 0.764453125 0.39296875 0.04453125 0.21953125
0 0.805859375 0.39921875 0.03359375 0.1671875
0 0.80703125 0.396875 0.03984375 0.1953125
0 0.96953125 0.415625 0.047265625 0.2328125