0 0.12578125 0.39453125 0.00546875 0.0296875
0 0.1578125 0.3875 0.00625 0.03046875
0 0.16875 0.38828125 0.00625 0.03203125
0 0.199609375 0.3921875 0.00859375 0.0453125
0 0.207421875 0.3953125 0.008203125 0.0421875
0 0.215625 0.39296875 0.0078125 0.03828125
0 0.2125 0.3921875 0.00859375 0.04375
0 0.2390625 0.39375 0.009765625 0.04765625
0 0.237109375 0.3921875 0.01015625 0.0515625
0 0.2453125 0.39375 0.009375 0.046875
0 0.2671875 0.4015625 0.0125 0.06171875
0 0.2796875 0.39921875 0.01328125 0.06640625
0 0.29453125 0.396875 0.012109375 0.06171875
0 0.291015625 0.39609375 0.0125 0.065625
0 0.30546875 0.396875 0.0125 0.06171875
0 0.3015625 0.3984375 0.01171875 0.05859375
0 0.540234375 0.378125 0.015234375 0.0765625
0 0.539453125 0.38359375 0.0140625 0.06953125
0 0.5359375 0.4015625 0.01875 0.090625
0 0.558203125 0.39921875 0.023828125 0.11875
0 0.57265625 0.3875 0.01640625 0.0828125
0 0.57109375 0.40546875 0.0234375 0.11640625
0 0.588671875 0.39765625 0.01328125 0.06640625
0 0.601953125 0.38828125 0.01640625 0.0828125
0 0.625 0.4109375 0.03203125 0.16015625
0 0.621484375 0.425 0.030859375 0.15
0 0.967578125 0.47890625 0.062890625 0.409375
0 0.8 0.37578125 0.025390625 0.12578125
0 0.9078125 0.359375 0.023828125 0.1171875
0 0.8984375 0.365625 0.02265625 0.11015625
0 0.857421875 0.415625 0.041015625 0.203125
0 0.684375 0.415625 0.040625 0.2
0 0.6484375 0.4203125 0.03984375 0.1984375
0 0.9578125 0.46328125 0.08203125 0.590625
0 0.06171875 0.3921875 0.00703125 0.00859375
0 0.09453125 0.39296875 0.054296875 0.0265625
0 0.226953125 0.3890625 0.01171875 0.0328125