0 0.2765625 0.36796875 0.00390625 0.021875
0 0.591796875 0.33125 0.00390625 0.0203125
0 0.660546875 0.32734375 0.004296875 0.021875
0 0.68515625 0.32734375 0.00390625 0.0203125
0 0.690625 0.328125 0.00234375 0.0140625
0 0.874609375 0.39921875 0.0171875 0.08515625
0 0.883203125 0.39765625 0.0171875 0.08515625
0 0.0328125 0.3796875 0.00625 0.03125
0 0.025 0.384375 0.005859375 0.03046875
0 0.978125 0.49765625 0.04140625 0.4015625
0 0.78984375 0.45625 0.0734375 0.3578125
0 0.85859375 0.4828125 0.062109375 0.30390625
0 0.659375 0.3859375 0.003515625 0.01875
0 0.690234375 0.3875 0.004296875 0.0203125
0 0.6859375 0.3890625 0.004296875 0.02265625
0 0.714453125 0.39375 0.0109375 0.0546875
0 0.703515625 0.39921875 0.009765625 0.04765625
0 0.646875 0.38984375 0.004296875 0.0234375
0 0.641015625 0.39140625 0.004296875 0.0234375
0 0.5390625 0.39140625 0.005859375 0.03046875
0 0.53125 0.38984375 0.00703125 0.03515625
0 0.484765625 0.3921875 0.0078125 0.03984375
0 0.43671875 0.4 0.011328125 0.05625
0 0.477734375 0.4265625 0.019140625 0.09453125
0 0.456640625 0.425 0.0203125 0.1
0 0.429296875 0.4015625 0.009765625 0.05
0 0.43515625 0.4234375 0.021484375 0.1046875
0 0.413671875 0.43125 0.01875 0.09296875
0 0.3578125 0.41484375 0.015625 0.0765625
0 0.32890625 0.40625 0.017578125 0.0875
0 0.296875 0.41484375 0.02421875 0.1203125
0 0.28203125 0.42734375 0.01796875 0.090625
0 0.249609375 0.415625 0.021875 0.11015625
0 0.283984375 0.365625 0.007421875 0.0203125
0 0.28984375 0.36640625 0.000390625 0.01484375
0 0.678515625 0.3203125 0.007421875 0.00625