0 0.355078125 0.4046875 0.0046875 0.0265625
0 0.349609375 0.40390625 0.0046875 0.0265625
0 0.366015625 0.40703125 0.00546875 0.0265625
0 0.33125 0.409375 0.009765625 0.0484375
0 0.33828125 0.4078125 0.01484375 0.071875
0 0.29296875 0.40703125 0.01484375 0.071875
0 0.305078125 0.40546875 0.013671875 0.0703125
0 0.3140625 0.428125 0.017578125 0.0875
0 0.321875 0.42890625 0.017578125 0.0859375
0 0.337109375 0.4265625 0.01796875 0.08984375
0 0.487890625 0.43671875 0.019140625 0.09296875
0 0.546484375 0.43046875 0.0125 0.0625
0 0.55390625 0.43671875 0.019140625 0.09296875
0 0.626171875 0.40703125 0.00625 0.03125
0 0.61875 0.43515625 0.01875 0.09296875
0 0.63984375 0.43515625 0.0203125 0.0984375
0 0.655859375 0.40859375 0.011328125 0.0578125
0 0.28828125 0.421875 0.01953125 0.09765625
0 0.596875 0.42265625 0.01484375 0.0734375
0 0.315625 0.38828125 0.0125 0.0203125