0 0.448046875 0.30625 0.004296875 0.0234375
0 0.46328125 0.30546875 0.00546875 0.0296875
0 0.487109375 0.3078125 0.00546875 0.02734375
0 0.48359375 0.30625 0.00546875 0.0296875
0 0.49921875 0.3078125 0.0046875 0.025
0 0.50390625 0.3078125 0.005859375 0.0296875
0 0.51875 0.309375 0.004296875 0.0234375
0 0.38125 0.30234375 0.0046875 0.02421875
0 0.014453125 0.3609375 0.02890625 0.15
0 0.4125 0.3828125 0.005859375 0.0296875
0 0.441015625 0.37890625 0.00390625 0.01953125
0 0.436328125 0.378125 0.003515625 0.0171875
0 0.455078125 0.38046875 0.00390625 0.0203125
0 0.463671875 0.39296875 0.008203125 0.0421875
0 0.5015625 0.38984375 0.005859375 0.0296875
0 0.50703125 0.38984375 0.005859375 0.0296875
0 0.5125 0.38671875 0.00625 0.03515625
0 0.52109375 0.3859375 0.00546875 0.02734375
0 0.51796875 0.3875 0.00625 0.03203125
0 0.70546875 0.43046875 0.04453125 0.21796875
0 0.7671875 0.415625 0.05390625 0.2640625