0 0.349609375 0.3890625 0.01171875 0.05625
0 0.516796875 0.3875 0.00546875 0.0296875
0 0.526171875 0.3875 0.003515625 0.01875
0 0.476171875 0.3859375 0.00546875 0.028125
0 0.4796875 0.3875 0.005859375 0.03125
0 0.33359375 0.3859375 0.013671875 0.0671875
0 0.338671875 0.384375 0.0140625 0.0703125
0 0.31640625 0.3890625 0.01484375 0.071875
0 0.323828125 0.3921875 0.012109375 0.0609375
0 0.30703125 0.3859375 0.0140625 0.0703125
0 0.199609375 0.39921875 0.023828125 0.11640625
0 0.172265625 0.3890625 0.02265625 0.11015625
0 0.155078125 0.3953125 0.021875 0.10859375
0 0.117578125 0.3890625 0.023046875 0.11328125
0 0.10625 0.39296875 0.03203125 0.15703125
0 0.0796875 0.3890625 0.0265625 0.1296875
0 0.073828125 0.39453125 0.02421875 0.11875
0 0.066015625 0.39921875 0.021875 0.10859375