0 0.289453125 0.43125 0.03359375 0.165625
0 0.21875 0.40234375 0.00703125 0.0375
0 0.282421875 0.43515625 0.0328125 0.1609375
0 0.380078125 0.38359375 0.0140625 0.07109375
0 0.703125 0.1625 0.017578125 0.08671875
0 0.734765625 0.159375 0.015625 0.0765625
0 0.978515625 0.0984375 0.015625 0.07734375
0 0.769140625 0.415625 0.03671875 0.1796875
0 0.744921875 0.4203125 0.035546875 0.1765625
0 0.718359375 0.4328125 0.041015625 0.20390625
0 0.734375 0.42890625 0.044921875 0.2203125
0 0.759375 0.421875 0.04375 0.2171875