0 0.391015625 0.39453125 0.007421875 0.0375
0 0.43671875 0.3984375 0.005859375 0.0296875
0 0.476171875 0.39765625 0.005859375 0.028125
0 0.453125 0.3984375 0.005859375 0.0296875
0 0.427734375 0.39765625 0.005859375 0.03046875
0 0.419140625 0.39296875 0.008203125 0.0421875
0 0.512109375 0.39765625 0.005859375 0.03125
0 0.4828125 0.40234375 0.00546875 0.02734375
0 0.525 0.39765625 0.00625 0.034375
0 0.551171875 0.38984375 0.01328125 0.0671875
0 0.568359375 0.3921875 0.013671875 0.0671875
0 0.675 0.38828125 0.02109375 0.10234375
0 0.72578125 0.3921875 0.040625 0.2015625
0 0.764453125 0.3953125 0.040625 0.196875
0 0.37265625 0.3953125 0.008203125 0.040625
0 0.296875 0.396875 0.00859375 0.04375
0 0.291796875 0.40078125 0.009375 0.04765625
0 0.286328125 0.4015625 0.007421875 0.0359375
0 0.281640625 0.4 0.009375 0.046875
0 0.27421875 0.396875 0.007421875 0.03828125
0 0.271484375 0.39921875 0.0078125 0.03828125
0 0.25390625 0.40078125 0.00859375 0.04375
0 0.2453125 0.39921875 0.00859375 0.04375
0 0.240625 0.39921875 0.009765625 0.04765625
0 0.225 0.39921875 0.009375 0.046875
0 0.140625 0.40390625 0.009765625 0.04765625
0 0.18046875 0.40390625 0.009765625 0.05
0 0.1515625 0.4140625 0.005859375 0.03125
0 0.12265625 0.40703125 0.009375 0.046875
0 0.278125 0.3984375 0.009375 0.0453125
0 0.259375 0.40078125 0.00859375 0.04375
0 0.234765625 0.4 0.009375 0.04609375
0 0.22109375 0.4 0.009375 0.046875
0 0.1953125 0.396875 0.0109375 0.05390625
0 0.120703125 0.40859375 0.00859375 0.04609375
0 0.151171875 0.39375 0.004296875 0.009375
0 0.17109375 0.403125 0.01171875 0.0515625
0 0.1875 0.4046875 0.0109375 0.05390625
0 0.208984375 0.403125 0.02265625 0.05
0 0.46484375 0.4 0.01953125 0.034375