0 0.334375 0.40078125 0.005859375 0.028125
0 0.528515625 0.4015625 0.003515625 0.01875
0 0.535546875 0.40078125 0.004296875 0.02421875
0 0.61015625 0.3953125 0.00859375 0.0453125
0 0.60859375 0.3984375 0.009765625 0.0484375
0 0.62421875 0.39609375 0.009375 0.04765625
0 0.617578125 0.4 0.011328125 0.05546875
0 0.62890625 0.39765625 0.01171875 0.0578125
0 0.64296875 0.3953125 0.011328125 0.05625
0 0.63828125 0.3953125 0.0109375 0.053125
0 0.656640625 0.39140625 0.01640625 0.08203125
0 0.68515625 0.3890625 0.017578125 0.0890625
0 0.667578125 0.40546875 0.026953125 0.13125
0 0.68203125 0.43671875 0.03125 0.153125
0 0.7046875 0.4421875 0.0296875 0.14765625
0 0.7203125 0.43515625 0.03125 0.15546875
0 0.751171875 0.42109375 0.035546875 0.175
0 0.7703125 0.425 0.033203125 0.16328125
0 0.746875 0.43046875 0.0328125 0.16015625
0 0.809765625 0.38984375 0.034765625 0.17109375
0 0.809375 0.41640625 0.04375 0.21796875
0 0.8265625 0.4203125 0.054296875 0.26640625
0 0.7765625 0.4390625 0.038671875 0.190625
0 0.93359375 0.390625 0.029296875 0.14453125
0 0.765234375 0.4515625 0.03828125 0.18828125
0 0.34375 0.4078125 0.0046875 0.025
0 0.592578125 0.3953125 0.007421875 0.0359375
0 0.591015625 0.3765625 0.007421875 0.015625
0 0.60234375 0.39296875 0.008203125 0.0421875
0 0.788671875 0.371875 0.00234375 0.0046875
0 0.794140625 0.41015625 0.011328125 0.06875
0 0.846484375 0.3890625 0.008203125 0.06640625