0 0.084375 0.36875 0.00859375 0.04296875
0 0.210546875 0.4421875 0.0703125 0.34453125
0 0.15078125 0.42421875 0.060546875 0.29765625
0 0.16640625 0.42890625 0.089453125 0.4375
0 0.294140625 0.409375 0.058984375 0.290625
0 0.33515625 0.4203125 0.058203125 0.28515625
0 0.634375 0.3609375 0.019921875 0.09765625
0 0.621484375 0.365625 0.01796875 0.08984375
0 0.70390625 0.35078125 0.02421875 0.121875
0 0.72578125 0.3578125 0.023046875 0.11328125
0 0.29375 0.43671875 0.053125 0.26171875
0 0.616796875 0.36796875 0.017578125 0.08671875
0 0.646875 0.3640625 0.01796875 0.08984375
0 0.744140625 0.3578125 0.02265625 0.1109375
0 0.070703125 0.37109375 0.007421875 0.0375
0 0.108203125 0.4328125 0.062109375 0.303125