0 0.61953125 0.4359375 0.007421875 0.03515625
0 0.65390625 0.43046875 0.019921875 0.10078125
0 0.63515625 0.4375 0.005859375 0.03125
0 0.710546875 0.4078125 0.015234375 0.075
0 0.8375 0.428125 0.02265625 0.1125
0 0.94609375 0.4328125 0.0265625 0.1296875
0 0.81953125 0.471875 0.08203125 0.4
0 0.7859375 0.49296875 0.08125 0.39765625
0 0.02265625 0.4453125 0.016015625 0.0796875
0 0.098046875 0.4484375 0.01328125 0.065625
0 0.163671875 0.4421875 0.0140625 0.0703125
0 0.1546875 0.44296875 0.017578125 0.08671875
0 0.14375 0.4421875 0.01640625 0.08203125
0 0.26484375 0.43828125 0.0125 0.0625
0 0.26796875 0.4390625 0.0140625 0.071875
0 0.31640625 0.43359375 0.0109375 0.0546875
0 0.31015625 0.43671875 0.0109375 0.0546875
0 0.299609375 0.4359375 0.011328125 0.05546875
0 0.29140625 0.4375 0.012109375 0.0609375
0 0.43125 0.4390625 0.01796875 0.0890625
0 0.41640625 0.4421875 0.015625 0.0765625
0 0.45390625 0.4484375 0.01484375 0.0734375
0 0.471875 0.46484375 0.06875 0.3359375
0 0.3875 0.4609375 0.0796875 0.3890625
0 0.677734375 0.4875 0.06328125 0.3109375
0 0.670703125 0.46015625 0.0875 0.42890625
0 0.50234375 0.50078125 0.101171875 0.49375
0 0.20390625 0.440625 0.01875 0.090625
0 0.183203125 0.43984375 0.01640625 0.08125
0 0.2359375 0.4515625 0.069921875 0.34375
0 0.58046875 0.440625 0.021875 0.10859375
0 0.05 0.4328125 0.065625 0.31953125
0 0.1265625 0.43359375 0.058203125 0.28515625