0 0.45 0.40625 0.00703125 0.03515625
0 0.4015625 0.409375 0.01796875 0.08984375
0 0.40546875 0.40625 0.01953125 0.09765625
0 0.330078125 0.4203125 0.015625 0.078125
0 0.321875 0.41875 0.0171875 0.084375
0 0.051171875 0.53046875 0.10234375 0.7140625
0 0.675 0.38125 0.015625 0.07734375
0 0.905859375 0.37109375 0.016015625 0.0796875
0 0.80234375 0.35390625 0.01328125 0.0671875
0 0.933984375 0.38203125 0.03203125 0.15625
0 0.8953125 0.37578125 0.034375 0.1671875
0 0.7796875 0.48828125 0.115234375 0.5640625
0 0.839453125 0.54375 0.1171875 0.575
0 0.5546875 0.51640625 0.1375 0.67265625
0 0.6453125 0.51328125 0.1625 0.79375
0 0.31875 0.44453125 0.009375 0.028125
0 0.325 0.38828125 0.00703125 0.034375
0 0.3265625 0.4546875 0.00234375 0.0078125
0 0.32734375 0.41875 0.000390625 0.003125
0 0.331640625 0.44375 0.00390625 0.0203125
0 0.428125 0.41015625 0.0109375 0.0375