0 0.566796875 0.3875 0.00625 0.03125
0 0.6578125 0.38359375 0.013671875 0.06875
0 0.485546875 0.38359375 0.012109375 0.0609375
0 0.429296875 0.371875 0.009375 0.04609375
0 0.383203125 0.378125 0.01015625 0.0515625
0 0.392578125 0.371875 0.013671875 0.0703125
0 0.363671875 0.371875 0.0125 0.0625
0 0.35546875 0.371875 0.013671875 0.0671875
0 0.292578125 0.3703125 0.01875 0.09375
0 0.27109375 0.3671875 0.021875 0.1078125
0 0.2296875 0.3546875 0.013671875 0.06875
0 0.234765625 0.35546875 0.016015625 0.0796875
0 0.2171875 0.36484375 0.0203125 0.10078125
0 0.2 0.36171875 0.021875 0.11015625
0 0.178125 0.36015625 0.01796875 0.0890625
0 0.194921875 0.36328125 0.0234375 0.115625
0 0.09140625 0.3578125 0.0359375 0.17578125
0 0.02421875 0.359375 0.035546875 0.17578125
0 0.776953125 0.36875 0.0203125 0.1015625
0 0.79375 0.378125 0.019921875 0.0984375
0 0.806640625 0.37734375 0.02265625 0.10859375
0 0.83515625 0.38984375 0.025 0.1234375
0 0.379296875 0.3703125 0.01015625 0.02734375