0 0.641015625 0.3609375 0.007421875 0.0359375
0 0.697265625 0.36875 0.009765625 0.0484375
0 0.809375 0.39609375 0.0078125 0.03828125
0 0.80390625 0.39375 0.0078125 0.040625
0 0.8 0.39921875 0.008203125 0.0421875
0 0.764453125 0.40546875 0.01328125 0.0640625
0 0.7734375 0.40546875 0.013671875 0.06875
0 0.717578125 0.38984375 0.008203125 0.0421875
0 0.684375 0.4328125 0.034375 0.16875
0 0.578515625 0.43515625 0.034375 0.1671875
0 0.40546875 0.3546875 0.013671875 0.06953125
0 0.418359375 0.36484375 0.00859375 0.04375
0 0.4453125 0.35625 0.009765625 0.04765625
0 0.469921875 0.428125 0.03359375 0.1671875
0 0.462890625 0.44140625 0.03203125 0.16015625
0 0.421484375 0.39765625 0.0125 0.06328125
0 0.4671875 0.4359375 0.040625 0.196875
0 0.43515625 0.43671875 0.037109375 0.18046875
0 0.436328125 0.4328125 0.0453125 0.22265625
0 0.515625 0.434375 0.03125 0.15546875
0 0.528125 0.4265625 0.03671875 0.18125
0 0.34921875 0.3359375 0.004296875 0.0234375
0 0.34375 0.3453125 0.009765625 0.05
0 0.335546875 0.35390625 0.01171875 0.0578125
0 0.355859375 0.3359375 0.004296875 0.0234375
0 0.36875 0.3375 0.00625 0.03203125
0 0.378515625 0.35 0.009765625 0.05
0 0.385546875 0.3546875 0.012109375 0.06171875
0 0.36640625 0.35234375 0.01171875 0.0578125
0 0.308203125 0.35546875 0.0109375 0.0546875
0 0.31796875 0.36328125 0.0109375 0.0546875
0 0.326171875 0.38515625 0.0203125 0.10234375
0 0.367578125 0.35 0.00625 0.0328125
0 0.336328125 0.4203125 0.030859375 0.15234375
0 0.340234375 0.43984375 0.02734375 0.13359375
0 0.367578125 0.37265625 0.0078125 0.03984375
0 0.351171875 0.4328125 0.03125 0.15625
0 0.362109375 0.40234375 0.01796875 0.0875
0 0.387890625 0.4203125 0.0296875 0.1453125
0 0.396484375 0.425 0.03125 0.15546875
0 0.37734375 0.428125 0.03359375 0.16484375
0 0.3578125 0.43125 0.03984375 0.1953125
0 0.0609375 0.353125 0.01171875 0.059375
0 0.050390625 0.35625 0.012109375 0.06171875
0 0.066015625 0.33828125 0.0171875 0.08671875
0 0.12421875 0.3453125 0.015234375 0.075
0 0.11484375 0.34296875 0.019140625 0.09375
0 0.084375 0.3453125 0.016015625 0.0796875
0 0.090234375 0.3453125 0.016015625 0.07890625
0 0.1 0.33515625 0.01875 0.09296875
0 0.108984375 0.3390625 0.019140625 0.0953125
0 0.131640625 0.33984375 0.019921875 0.09765625
0 0.0984375 0.36875 0.0203125 0.10078125
0 0.15 0.34140625 0.019140625 0.09453125
0 0.109765625 0.3921875 0.0296875 0.1453125
0 0.16953125 0.35390625 0.01484375 0.0734375
0 0.16015625 0.39765625 0.02421875 0.1203125
0 0.145703125 0.39140625 0.030859375 0.153125
0 0.128515625 0.39921875 0.026953125 0.1328125
0 0.176953125 0.40546875 0.0296875 0.14453125
0 0.038671875 0.40234375 0.027734375 0.13671875
0 0.02578125 0.4015625 0.03203125 0.1578125
0 0.06953125 0.40390625 0.0296875 0.14765625
0 0.289453125 0.34375 0.008203125 0.040625
0 0.2625 0.3421875 0.011328125 0.0578125
0 0.245703125 0.3453125 0.011328125 0.05546875
0 0.221875 0.3453125 0.011328125 0.0546875
0 0.23046875 0.340625 0.00859375 0.04375
0 0.22890625 0.346875 0.011328125 0.05625
0 0.203125 0.35 0.009765625 0.05
0 0.205859375 0.35703125 0.009375 0.04765625
0 0.194921875 0.340625 0.016015625 0.08125
0 0.234375 0.34765625 0.013671875 0.06875
0 0.218359375 0.3515625 0.0125 0.0625
0 0.1875 0.409375 0.03828125 0.18671875
0 0.273046875 0.34765625 0.01328125 0.06640625
0 0.25625 0.4 0.02734375 0.134375
0 0.210546875 0.41328125 0.03046875 0.1515625
0 0.266015625 0.4125 0.028125 0.140625
0 0.203515625 0.43125 0.0234375 0.11640625
0 0.29375 0.3953125 0.025390625 0.12578125
0 0.283203125 0.421875 0.037109375 0.18125
0 0.24375 0.4296875 0.0390625 0.19140625
0 0.23984375 0.43125 0.041015625 0.203125
0 0.19375 0.4421875 0.03515625 0.17265625
0 0.179296875 0.440625 0.0359375 0.17890625
0 0.21640625 0.440625 0.040625 0.19921875
0 0.316796875 0.43671875 0.038671875 0.18828125
0 0.648046875 0.4265625 0.021484375 0.1078125
0 0.697265625 0.41875 0.0234375 0.115625