0 0.980078125 0.3640625 0.013671875 0.0703125
0 0.987890625 0.3921875 0.021875 0.12578125
0 0.787890625 0.36875 0.035546875 0.17265625
0 0.794140625 0.3703125 0.03359375 0.1640625
0 0.834375 0.37890625 0.0328125 0.16015625
0 0.85703125 0.36328125 0.04609375 0.2265625
0 0.814453125 0.37734375 0.0421875 0.20625
0 0.7421875 0.3765625 0.0578125 0.28203125
0 0.793359375 0.371875 0.056640625 0.27734375
0 0.21640625 0.4015625 0.003515625 0.01875
0 0.210546875 0.41328125 0.00390625 0.021875
0 0.21953125 0.41640625 0.00703125 0.034375
0 0.21484375 0.41953125 0.0078125 0.03828125
0 0.01328125 0.44375 0.0265625 0.1328125
0 0.05625 0.4375 0.0265625 0.13125
0 0.339453125 0.40703125 0.0078125 0.03984375
0 0.334375 0.4046875 0.008203125 0.040625
0 0.3375 0.4078125 0.00703125 0.0375
0 0.34921875 0.40625 0.007421875 0.0375
0 0.347265625 0.4078125 0.007421875 0.0375
0 0.3578125 0.4046875 0.007421875 0.0375
0 0.376171875 0.40703125 0.00625 0.03203125
0 0.3703125 0.403125 0.00859375 0.04296875
0 0.4359375 0.40546875 0.007421875 0.0359375
0 0.427734375 0.4015625 0.0078125 0.040625
0 0.429296875 0.4046875 0.0078125 0.03984375
0 0.38984375 0.4046875 0.00703125 0.034375
0 0.384765625 0.403125 0.00859375 0.04375
0 0.40078125 0.4046875 0.00703125 0.03515625
0 0.4140625 0.4015625 0.00859375 0.0421875
0 0.409375 0.3984375 0.008203125 0.04296875
0 0.417578125 0.39921875 0.00859375 0.0453125
0 0.41171875 0.4015625 0.007421875 0.0359375
0 0.40546875 0.40234375 0.0078125 0.040625
0 0.537109375 0.39375 0.009765625 0.05
0 0.5015625 0.3984375 0.009375 0.0484375
0 0.515625 0.39140625 0.009765625 0.04765625
0 0.522265625 0.396875 0.01015625 0.0515625
0 0.509375 0.40703125 0.005859375 0.0296875
0 0.511328125 0.3984375 0.011328125 0.05625
0 0.554296875 0.41171875 0.0078125 0.03828125
0 0.558984375 0.4 0.016015625 0.08203125
0 0.600390625 0.3875 0.016015625 0.08125
0 0.0578125 0.43359375 0.021484375 0.1078125
0 0.530859375 0.409375 0.01796875 0.08984375
0 0.576953125 0.40234375 0.035546875 0.1734375
0 0.644921875 0.42265625 0.08359375 0.41015625