0 0.582421875 0.3953125 0.00546875 0.028125
0 0.586328125 0.4 0.0046875 0.02421875
0 0.593359375 0.39921875 0.00546875 0.02734375
0 0.603125 0.39375 0.003515625 0.01953125
0 0.9671875 0.38984375 0.009375 0.046875
0 0.9328125 0.39609375 0.015234375 0.075
0 0.796484375 0.39296875 0.004296875 0.02421875
0 0.97734375 0.3921875 0.009765625 0.0484375
0 0.808203125 0.38828125 0.005859375 0.03203125
0 0.577734375 0.403125 0.00703125 0.034375
0 0.70390625 0.3921875 0.02265625 0.02421875
0 0.916796875 0.3734375 0.025 0.0125
0 0.987109375 0.37578125 0.01015625 0.01953125