0 0.5390625 0.37578125 0.0078125 0.03984375
0 0.44765625 0.37890625 0.005859375 0.0296875
0 0.4609375 0.38359375 0.00859375 0.04375
0 0.45703125 0.38515625 0.00859375 0.04609375
0 0.2921875 0.371875 0.01953125 0.0984375
0 0.269921875 0.3609375 0.01640625 0.084375
0 0.24296875 0.36953125 0.01171875 0.059375
0 0.215234375 0.3625 0.021484375 0.10546875
0 0.177734375 0.3671875 0.034375 0.16796875
0 0.045703125 0.3765625 0.04453125 0.21875
0 0.356640625 0.3953125 0.035546875 0.1765625
0 0.3328125 0.390625 0.03828125 0.1875
0 0.57578125 0.38359375 0.00859375 0.04609375
0 0.65078125 0.41328125 0.034375 0.16796875
0 0.426171875 0.38125 0.009375 0.0453125
0 0.56484375 0.39375 0.01953125 0.09765625