0 0.589453125 0.3734375 0.011328125 0.05546875
0 0.605078125 0.36953125 0.009765625 0.05
0 0.619140625 0.36875 0.00859375 0.0453125
0 0.65 0.36796875 0.0171875 0.08671875
0 0.6796875 0.3578125 0.00859375 0.04609375
0 0.70546875 0.36875 0.02890625 0.140625
0 0.73125 0.36640625 0.026953125 0.1328125
0 0.455859375 0.38359375 0.008203125 0.04296875
0 0.4484375 0.384375 0.0125 0.0625
0 0.426171875 0.3890625 0.0078125 0.03984375
0 0.417578125 0.38828125 0.0078125 0.03984375
0 0.39140625 0.38203125 0.0078125 0.03984375
0 0.39921875 0.3875 0.008203125 0.040625
0 0.383203125 0.38828125 0.008203125 0.0421875
0 0.20703125 0.4015625 0.01953125 0.09765625
0 0.394921875 0.38203125 0.0078125 0.040625
0 0.593359375 0.36875 0.003515625 0.03125