0 0.069921875 0.4296875 0.01015625 0.05078125
0 0.991796875 0.384375 0.01484375 0.1390625
0 0.983984375 0.3921875 0.02734375 0.1375
0 0.96640625 0.3890625 0.03125 0.15234375
0 0.910546875 0.4125 0.013671875 0.06953125
0 0.695703125 0.4 0.00546875 0.0296875
0 0.371875 0.4296875 0.00703125 0.03515625
0 0.378515625 0.43046875 0.005859375 0.03125
0 0.753515625 0.39296875 0.016015625 0.07890625
0 0.767578125 0.39296875 0.017578125 0.08671875
0 0.7890625 0.3828125 0.021484375 0.1078125
0 0.388671875 0.42890625 0.005859375 0.03046875
0 0.466796875 0.42109375 0.017578125 0.025