0 0.953515625 0.378125 0.0125 0.0640625
0 0.96796875 0.3796875 0.0140625 0.07109375
0 0.76796875 0.35390625 0.005859375 0.03046875
0 0.905078125 0.37578125 0.01328125 0.06640625
0 0.89375 0.37734375 0.0140625 0.06953125
0 0.93515625 0.3765625 0.0125 0.06328125
0 0.864453125 0.3703125 0.01328125 0.0671875
0 0.670703125 0.37578125 0.01328125 0.0640625
0 0.67421875 0.37421875 0.013671875 0.0671875
0 0.8515625 0.371875 0.013671875 0.0671875
0 0.706640625 0.37421875 0.0109375 0.0546875
0 0.79375 0.471875 0.08125 0.3984375
0 0.47109375 0.34453125 0.0046875 0.025
0 0.478515625 0.3453125 0.0046875 0.025
0 0.41484375 0.35234375 0.00703125 0.034375
0 0.418359375 0.3515625 0.00703125 0.03515625
0 0.7515625 0.3703125 0.011328125 0.05625
0 0.72578125 0.36796875 0.01328125 0.06640625
0 0.4296875 0.346875 0.005859375 0.0296875
0 0.601171875 0.3734375 0.015234375 0.0765625
0 0.55625 0.38125 0.01484375 0.071875