0 0.60703125 0.36953125 0.004296875 0.02265625
0 0.6140625 0.3703125 0.004296875 0.0234375
0 0.620703125 0.36875 0.0078125 0.040625
0 0.6390625 0.38046875 0.0109375 0.05390625
0 0.65078125 0.38515625 0.0140625 0.06953125
0 0.641015625 0.38828125 0.013671875 0.06953125
0 0.596875 0.37578125 0.00859375 0.04609375
0 0.528515625 0.3765625 0.007421875 0.0359375
0 0.694140625 0.3953125 0.012109375 0.06171875
0 0.709765625 0.4078125 0.021875 0.1078125
0 0.7015625 0.4046875 0.02421875 0.11875
0 0.719140625 0.39765625 0.02578125 0.128125
0 0.72265625 0.41015625 0.025390625 0.125
0 0.73984375 0.403125 0.02265625 0.1125
0 0.75234375 0.4046875 0.025390625 0.1265625
0 0.261328125 0.41953125 0.02421875 0.1203125
0 0.45 0.36796875 0.019140625 0.015625
0 0.55 0.37578125 0.037109375 0.03984375
0 0.582421875 0.3640625 0.009765625 0.0171875
0 0.59140625 0.36015625 0.003515625 0.0078125
0 0.600390625 0.3578125 0.000390625 0.00078125
0 0.6578125 0.3859375 0.004296875 0.0625