0 0.401953125 0.38984375 0.0109375 0.05390625
0 0.2984375 0.39921875 0.017578125 0.08671875
0 0.218359375 0.4 0.01796875 0.0890625
0 0.094140625 0.41171875 0.021875 0.10859375
0 0.040234375 0.41328125 0.025 0.121875
0 0.00625 0.42265625 0.012109375 0.1046875
0 0.019921875 0.415625 0.02421875 0.11875
0 0.5140625 0.409375 0.033203125 0.1609375
0 0.65625 0.409375 0.03515625 0.171875
0 0.711328125 0.39375 0.03046875 0.1484375
0 0.103515625 0.3921875 0.001953125 0.01171875
0 0.131640625 0.3921875 0.027734375 0.05546875
0 0.172265625 0.39765625 0.019921875 0.0296875
0 0.18828125 0.3859375 0.000390625 0.00078125
0 0.194140625 0.38984375 0.009375 0.0125
0 0.202734375 0.40703125 0.003515625 0.0046875
0 0.21640625 0.39453125 0.01484375 0.02734375
0 0.237890625 0.384375 0.0171875 0.04609375
0 0.2640625 0.39140625 0.01640625 0.03046875
0 0.283203125 0.3875 0.013671875 0.0203125
0 0.308984375 0.38125 0.016015625 0.04765625
0 0.326171875 0.3765625 0.01640625 0.028125
0 0.343359375 0.384375 0.005859375 0.0125
0 0.375 0.3796875 0.033203125 0.04296875
0 0.4015625 0.3953125 0.003515625 0.00390625
0 0.41171875 0.38359375 0.009375 0.04375
0 0.4296875 0.37109375 0.013671875 0.0171875
0 0.62421875 0.3640625 0.0109375 0.01171875
0 0.633203125 0.3640625 0.005859375 0.0078125