0 0.07734375 0.3734375 0.01328125 0.06640625
0 0.0890625 0.37578125 0.0109375 0.0515625
0 0.09609375 0.371875 0.0140625 0.07109375
0 0.11796875 0.36953125 0.013671875 0.06953125
0 0.106640625 0.36953125 0.01328125 0.0671875
0 0.13125 0.3890625 0.019140625 0.09375
0 0.152734375 0.3890625 0.01875 0.09296875
0 0.190234375 0.38203125 0.01796875 0.090625
0 0.196875 0.38203125 0.01953125 0.09765625
0 0.236328125 0.378125 0.0203125 0.10078125
0 0.225390625 0.38671875 0.01796875 0.08984375
0 0.66171875 0.36015625 0.007421875 0.0375
0 0.50859375 0.37109375 0.0078125 0.040625
0 0.3921875 0.37109375 0.01484375 0.071875
0 0.406640625 0.365625 0.013671875 0.0671875
0 0.6015625 0.3859375 0.01953125 0.096875
0 0.59296875 0.3859375 0.01875 0.09296875
0 0.67265625 0.39140625 0.01875 0.090625
0 0.7046875 0.384375 0.019921875 0.1
0 0.70546875 0.3859375 0.01953125 0.0953125
0 0.07109375 0.36796875 0.012109375 0.06171875
0 0.015625 0.3453125 0.00703125 0.015625
0 0.06328125 0.33984375 0.01171875 0.02734375
0 0.075 0.34453125 0.00234375 0.0125
0 0.0875 0.3484375 0.0109375 0.02265625
0 0.10234375 0.346875 0.0046875 0.01171875
0 0.10234375 0.39296875 0.00390625 0.02265625
0 0.1125 0.34453125 0.00546875 0.01484375
0 0.114453125 0.384375 0.00546875 0.0328125