0 0.17578125 0.409375 0.0125 0.06328125
0 0.198828125 0.40703125 0.01328125 0.06640625
0 0.192578125 0.40703125 0.0140625 0.06953125
0 0.1828125 0.4125 0.012109375 0.0609375
0 0.2765625 0.4140625 0.01484375 0.07421875
0 0.285546875 0.4125 0.015234375 0.0765625
0 0.45703125 0.39765625 0.015625 0.078125
0 0.45 0.396875 0.01640625 0.084375
0 0.519921875 0.4 0.01796875 0.08984375
0 0.37265625 0.39921875 0.01796875 0.0890625
0 0.530859375 0.4046875 0.0171875 0.084375
0 0.5578125 0.40078125 0.016015625 0.07890625
0 0.577734375 0.3953125 0.017578125 0.0875
0 0.569921875 0.3921875 0.019140625 0.0953125
0 0.61328125 0.39296875 0.017578125 0.08671875
0 0.6421875 0.39140625 0.016015625 0.08125
0 0.65703125 0.38671875 0.01875 0.08984375
0 0.38671875 0.43828125 0.0671875 0.33125
0 0.423046875 0.45234375 0.066796875 0.328125
0 0.336328125 0.4296875 0.08125 0.39453125
0 0.251171875 0.4828125 0.071875 0.353125
0 0.017578125 0.46875 0.03515625 0.2828125
0 0.734765625 0.4828125 0.098046875 0.48125