0 0.806640625 0.38515625 0.01171875 0.059375
0 0.83125 0.37890625 0.026953125 0.13125
0 0.766015625 0.38125 0.01015625 0.053125
0 0.76015625 0.3796875 0.0140625 0.07109375
0 0.230078125 0.4234375 0.023046875 0.115625
0 0.089453125 0.428125 0.0296875 0.14765625
0 0.10390625 0.4203125 0.03046875 0.14921875
0 0.1109375 0.42890625 0.03046875 0.1484375
0 0.042578125 0.421875 0.02265625 0.1109375
0 0.012109375 0.42265625 0.02421875 0.1203125
0 0.690234375 0.4078125 0.03671875 0.18046875
0 0.7359375 0.4125 0.052734375 0.25703125
0 0.61796875 0.3875 0.01484375 0.071875
0 0.40078125 0.4 0.01484375 0.071875
0 0.211328125 0.4328125 0.033203125 0.12421875