0 0.880078125 0.4078125 0.026953125 0.13203125
0 0.762109375 0.428125 0.0234375 0.11796875
0 0.6046875 0.42265625 0.02890625 0.14140625
0 0.6328125 0.4140625 0.03203125 0.1578125
0 0.64375 0.415625 0.02734375 0.13359375
0 0.663671875 0.4171875 0.026953125 0.134375
0 0.423046875 0.4390625 0.0328125 0.1609375
0 0.38671875 0.43125 0.03125 0.1546875
0 0.38125 0.43125 0.0375 0.18359375
0 0.3421875 0.47734375 0.06796875 0.33203125
0 0.0171875 0.446875 0.025390625 0.125
0 0.0515625 0.44609375 0.025 0.121875
0 0.069921875 0.44453125 0.025 0.12109375
0 0.569140625 0.4796875 0.07265625 0.35625
0 0.428515625 0.48203125 0.050390625 0.246875