0 0.773828125 0.403125 0.021484375 0.10859375
0 0.792578125 0.403125 0.019921875 0.0984375
0 0.8125 0.39921875 0.0234375 0.1140625
0 0.92265625 0.39375 0.015625 0.07734375
0 0.577734375 0.40625 0.0203125 0.1
0 0.62265625 0.4125 0.0203125 0.1015625
0 0.76484375 0.4109375 0.02421875 0.1203125
0 0.75 0.4046875 0.03125 0.15625
0 0.956640625 0.3953125 0.019921875 0.10078125
0 0.973046875 0.39921875 0.02109375 0.10546875
0 0.4484375 0.415625 0.015234375 0.07421875
0 0.460546875 0.4125 0.01640625 0.08125
0 0.41328125 0.3953125 0.00546875 0.0296875
0 0.323046875 0.396875 0.007421875 0.0390625
0 0.3265625 0.40703125 0.009375 0.04609375
0 0.348046875 0.41328125 0.0125 0.06328125
0 0.35859375 0.4125 0.0109375 0.05390625
0 0.383203125 0.4078125 0.015234375 0.07421875
0 0.378515625 0.41484375 0.016015625 0.08125
0 0.39765625 0.421875 0.0265625 0.12890625
0 0.42734375 0.41484375 0.0140625 0.07109375
0 0.42734375 0.40625 0.025 0.1234375
0 0.304296875 0.42265625 0.016015625 0.07890625
0 0.287109375 0.425 0.01171875 0.0578125
0 0.2875 0.4234375 0.0140625 0.0703125
0 0.3015625 0.42265625 0.01953125 0.096875
0 0.333203125 0.4203125 0.01796875 0.08984375