0 0.411328125 0.41171875 0.009375 0.04375
0 0.41953125 0.415625 0.00703125 0.0375
0 0.4171875 0.4125 0.00859375 0.04375
0 0.422265625 0.41328125 0.007421875 0.03515625
0 0.42578125 0.41328125 0.0078125 0.0390625
0 0.430078125 0.4125 0.009375 0.046875
0 0.441796875 0.4125 0.00859375 0.04375
0 0.48125 0.4046875 0.0046875 0.0265625
0 0.49296875 0.409375 0.005859375 0.03125
0 0.57734375 0.39765625 0.00703125 0.034375
0 0.58046875 0.4 0.0078125 0.0390625
0 0.6140625 0.403125 0.012109375 0.06171875
0 0.622265625 0.39921875 0.02109375 0.103125
0 0.6515625 0.403125 0.0203125 0.10078125
0 0.068359375 0.43828125 0.056640625 0.278125
0 0.40703125 0.40859375 0.009375 0.04765625