0 0.195703125 0.41875 0.0109375 0.0546875
0 0.210546875 0.415625 0.0125 0.06328125
0 0.24140625 0.42109375 0.013671875 0.06875
0 0.266015625 0.41328125 0.009765625 0.04765625
0 0.570703125 0.41640625 0.0140625 0.06953125
0 0.5953125 0.40546875 0.017578125 0.0890625
0 0.687109375 0.41484375 0.029296875 0.14375
0 0.765625 0.43828125 0.044921875 0.2203125
0 0.136328125 0.4171875 0.01796875 0.08984375
0 0.125 0.42265625 0.01953125 0.09765625
0 0.6734375 0.4171875 0.02890625 0.1421875
0 0.46328125 0.41171875 0.028125 0.13984375
0 0.511328125 0.4234375 0.023046875 0.11328125
0 0.55390625 0.42109375 0.023046875 0.1109375