0 0.51328125 0.396875 0.01796875 0.0875
0 0.621875 0.38203125 0.01484375 0.07109375
0 0.58671875 0.41640625 0.059375 0.29375
0 0.703515625 0.42578125 0.058203125 0.2828125
0 0.675 0.415625 0.071875 0.35
0 0.8953125 0.40078125 0.04609375 0.22578125
0 0.9234375 0.39921875 0.050390625 0.246875
0 0.2171875 0.4 0.0125 0.06328125
0 0.20859375 0.4 0.01171875 0.0578125
0 0.30703125 0.4078125 0.0171875 0.08515625
0 0.308203125 0.390625 0.021875 0.109375
0 0.166015625 0.3890625 0.03125 0.153125
0 0.416796875 0.39453125 0.01015625 0.05078125
0 0.48203125 0.39375 0.04296875 0.2109375