0 0.688671875 0.384375 0.019140625 0.09453125
0 0.68203125 0.38359375 0.0203125 0.1015625
0 0.709375 0.38984375 0.01484375 0.071875
0 0.715625 0.38359375 0.01640625 0.08203125
0 0.719140625 0.3890625 0.01796875 0.0890625
0 0.766015625 0.38203125 0.01875 0.0921875
0 0.79375 0.38359375 0.01875 0.08984375
0 0.77734375 0.39921875 0.0125 0.0640625
0 0.97734375 0.37890625 0.015234375 0.07421875
0 0.98984375 0.37421875 0.0046875 0.02421875
0 0.871875 0.4125 0.0109375 0.053125
0 0.905859375 0.378125 0.03125 0.15546875
0 0.499609375 0.40546875 0.01484375 0.071875