0 0.34453125 0.3921875 0.005859375 0.028125
0 0.421875 0.39765625 0.005859375 0.03046875
0 0.809765625 0.4234375 0.00546875 0.028125
0 0.81796875 0.415625 0.007421875 0.03828125
0 0.12578125 0.52265625 0.111328125 0.54375
0 0.108984375 0.5296875 0.1421875 0.6953125
0 0.296875 0.42890625 0.03515625 0.1734375
0 0.302734375 0.4484375 0.029296875 0.1421875
0 0.400390625 0.4171875 0.034375 0.1703125
0 0.39296875 0.421875 0.035546875 0.17578125
0 0.5203125 0.40234375 0.009375 0.046875
0 0.54765625 0.40234375 0.008203125 0.040625
0 0.61015625 0.4078125 0.00703125 0.034375
0 0.59921875 0.4046875 0.00703125 0.034375
0 0.64765625 0.41171875 0.00703125 0.034375
0 0.737890625 0.41328125 0.009375 0.046875
0 0.912109375 0.43984375 0.00859375 0.04375
0 0.869140625 0.43046875 0.03515625 0.17109375
0 0.67890625 0.425 0.038671875 0.1890625
0 0.721875 0.4359375 0.05234375 0.2546875
0 0.4890625 0.4296875 0.04296875 0.2109375
0 0.48359375 0.4390625 0.04453125 0.21953125
0 0.35078125 0.39140625 0.0046875 0.0265625
0 0.79375 0.4078125 0.025 0.121875