0 0.28203125 0.39453125 0.009765625 0.0484375
0 0.871484375 0.378125 0.042578125 0.209375
0 0.909375 0.41640625 0.066015625 0.3234375
0 0.791796875 0.41640625 0.05234375 0.2546875
0 0.0265625 0.409375 0.0125 0.0625
0 0.065234375 0.40625 0.015234375 0.0765625
0 0.4390625 0.39375 0.0109375 0.05390625
0 0.40703125 0.39375 0.013671875 0.0703125
0 0.37265625 0.38984375 0.01015625 0.05
0 0.374609375 0.3890625 0.01171875 0.05625
0 0.32578125 0.39609375 0.01328125 0.065625
0 0.316796875 0.396875 0.013671875 0.06640625
0 0.078515625 0.4078125 0.0140625 0.07109375
0 0.06875 0.4078125 0.01484375 0.07109375
0 0.1234375 0.40234375 0.016015625 0.0796875
0 0.111328125 0.4078125 0.01484375 0.071875
0 0.1 0.40390625 0.01875 0.090625
0 0.12578125 0.40390625 0.015234375 0.075
0 0.58515625 0.38046875 0.007421875 0.0359375
0 0.2203125 0.4015625 0.015234375 0.07421875
0 0.22890625 0.4046875 0.0140625 0.071875
0 0.542578125 0.38359375 0.009375 0.046875
0 0.249609375 0.4015625 0.0125 0.06328125
0 0.25546875 0.403125 0.01328125 0.065625
0 0.616796875 0.3859375 0.00859375 0.0421875
0 0.547265625 0.38203125 0.01015625 0.0515625
0 0.55859375 0.384375 0.009765625 0.04765625
0 0.57265625 0.3796875 0.00859375 0.0453125
0 0.58046875 0.38203125 0.00703125 0.0359375
0 0.612890625 0.38515625 0.009765625 0.05
0 0.60234375 0.38203125 0.00625 0.03203125
0 0.596484375 0.38671875 0.008203125 0.04296875
0 0.62578125 0.38125 0.008203125 0.040625
0 0.519140625 0.38984375 0.009375 0.0453125
0 0.500390625 0.3875 0.0109375 0.05390625
0 0.64765625 0.39296875 0.02265625 0.11015625
0 0.670703125 0.390625 0.023046875 0.11328125
0 0.698046875 0.4015625 0.035546875 0.17578125
0 0.65859375 0.4046875 0.0359375 0.1765625
0 0.386328125 0.3875 0.0109375 0.05546875