0 0.177734375 0.415625 0.005859375 0.0296875
0 0.03125 0.43671875 0.034375 0.16875
0 0.100390625 0.43125 0.034765625 0.1703125
0 0.533984375 0.4125 0.00625 0.0328125
0 0.55703125 0.41953125 0.00546875 0.0265625
0 0.69609375 0.4234375 0.00625 0.03125
0 0.655859375 0.4125 0.0046875 0.025
0 0.628515625 0.41484375 0.0171875 0.08515625
0 0.7671875 0.41875 0.021484375 0.10625
0 0.74765625 0.42109375 0.02109375 0.10234375
0 0.966015625 0.42578125 0.066015625 0.3890625
0 0.54140625 0.4125 0.007421875 0.0359375
0 0.176171875 0.43671875 0.01328125 0.065625
0 0.12265625 0.4140625 0.013671875 0.021875
0 0.1390625 0.4171875 0.015234375 0.0359375
0 0.55 0.41640625 0.00859375 0.028125
0 0.56953125 0.41640625 0.01640625 0.03203125
0 0.5875 0.41640625 0.012109375 0.03046875
0 0.605078125 0.41796875 0.0078125 0.05859375
0 0.616796875 0.41875 0.0078125 0.0296875