0 0.59296875 0.403125 0.01015625 0.05078125
0 0.612890625 0.4015625 0.01015625 0.05
0 0.556640625 0.39375 0.00859375 0.04375
0 0.57421875 0.4015625 0.0109375 0.0515625
0 0.765625 0.3984375 0.00859375 0.04296875
0 0.784765625 0.4 0.009765625 0.0484375
0 0.81484375 0.3953125 0.007421875 0.03828125
0 0.808203125 0.39765625 0.0171875 0.08515625
0 0.883984375 0.3953125 0.01328125 0.065625
0 0.587109375 0.40546875 0.009375 0.04765625
0 0.585546875 0.409375 0.01328125 0.06640625
0 0.23203125 0.43125 0.058203125 0.2859375
0 0.529296875 0.403125 0.00859375 0.0453125