0 0.680078125 0.36953125 0.025390625 0.12578125
0 0.6921875 0.38671875 0.03125 0.1546875
0 0.29609375 0.3921875 0.0078125 0.03828125
0 0.304296875 0.3875 0.00625 0.0328125
0 0.108203125 0.39921875 0.0140625 0.0703125
0 0.122265625 0.4015625 0.012109375 0.06171875
0 0.429296875 0.38359375 0.0046875 0.02421875
0 0.43359375 0.38203125 0.0046875 0.0234375
0 0.58046875 0.3734375 0.0078125 0.03984375
0 0.584765625 0.3765625 0.009375 0.04765625
0 0.65703125 0.378125 0.023046875 0.1140625
0 0.566015625 0.38046875 0.009375 0.04765625
0 0.438671875 0.38203125 0.00546875 0.02734375
0 0.53359375 0.38125 0.0109375 0.05390625
0 0.54453125 0.384375 0.007421875 0.03828125