0 0.21875 0.43125 0.00859375 0.04609375
0 0.19609375 0.43203125 0.009765625 0.04765625
0 0.584375 0.4140625 0.00625 0.03125
0 0.21171875 0.43359375 0.008203125 0.04296875
0 0.722265625 0.44921875 0.058984375 0.2890625
0 0.77890625 0.4578125 0.05859375 0.28828125
0 0.85 0.4390625 0.082421875 0.403125
0 0.94609375 0.47265625 0.0828125 0.40625
0 0.909375 0.4328125 0.10078125 0.4921875
0 0.19296875 0.434375 0.008203125 0.04296875
0 0.259375 0.425 0.01796875 0.08984375
0 0.37265625 0.42109375 0.021484375 0.10625
0 0.603125 0.42890625 0.02890625 0.1421875
0 0.1734375 0.4328125 0.01328125 0.046875