0 0.95 0.4296875 0.02265625 0.1109375
0 0.94609375 0.43203125 0.0234375 0.11640625
0 0.965234375 0.42109375 0.026953125 0.13359375
0 0.70625 0.425 0.0140625 0.07109375
0 0.725 0.4390625 0.0296875 0.1484375
0 0.891015625 0.4265625 0.021484375 0.10546875
0 0.617578125 0.42890625 0.029296875 0.1453125
0 0.028125 0.4046875 0.025390625 0.125
0 0.049609375 0.4078125 0.025 0.12421875
0 0.07734375 0.41015625 0.0234375 0.115625
0 0.10703125 0.3921875 0.019140625 0.09375
0 0.0140625 0.40703125 0.027734375 0.15234375
0 0.271875 0.403125 0.023828125 0.1171875
0 0.3875 0.41953125 0.028125 0.13984375
0 0.241015625 0.41875 0.025 0.12109375
0 0.13828125 0.39296875 0.02265625 0.06953125
0 0.240625 0.3890625 0.03203125 0.1125
0 0.230078125 0.4671875 0.00390625 0.01171875
0 0.253125 0.4546875 0.004296875 0.03046875
0 0.255078125 0.4125 0.003515625 0.0109375
0 0.440234375 0.3875 0.02578125 0.1078125
0 0.43359375 0.465625 0.009765625 0.0546875
0 0.434375 0.40859375 0.0109375 0.0265625