0 0.113671875 0.4296875 0.02265625 0.11328125
0 0.719140625 0.403125 0.00703125 0.034375
0 0.741015625 0.40546875 0.008203125 0.0421875
0 0.73359375 0.40546875 0.008203125 0.04296875
0 0.770703125 0.425 0.02578125 0.128125
0 0.817578125 0.43359375 0.0296875 0.146875
0 0.8578125 0.41484375 0.02890625 0.14140625
0 0.8484375 0.4171875 0.033203125 0.16328125
0 0.84609375 0.4234375 0.03203125 0.159375
0 0.86640625 0.421875 0.0359375 0.178125
0 0.916796875 0.43125 0.035546875 0.17578125
0 0.08125 0.44140625 0.01171875 0.0609375