0 0.229296875 0.38359375 0.012109375 0.059375
0 0.224609375 0.39140625 0.01171875 0.059375
0 0.23515625 0.3921875 0.013671875 0.06953125
0 0.0171875 0.4046875 0.034375 0.184375
0 0.01328125 0.41015625 0.0265625 0.1734375
0 0.044921875 0.4078125 0.0359375 0.1765625
0 0.17734375 0.39296875 0.01484375 0.0734375
0 0.341796875 0.39921875 0.03515625 0.17265625
0 0.385546875 0.39375 0.039453125 0.19453125
0 0.386328125 0.4078125 0.03671875 0.17890625
0 0.634375 0.38984375 0.034375 0.17109375
0 0.65078125 0.39921875 0.03203125 0.159375
0 0.73203125 0.3921875 0.0265625 0.1296875
0 0.7453125 0.3921875 0.027734375 0.1375
0 0.92890625 0.3859375 0.02421875 0.12109375
0 0.909765625 0.38125 0.026953125 0.13203125
0 0.813671875 0.38359375 0.027734375 0.1390625