0 0.566015625 0.41875 0.01875 0.0921875
0 0.56875 0.4171875 0.01875 0.09296875
0 0.60234375 0.409375 0.017578125 0.08671875
0 0.605859375 0.41875 0.01796875 0.090625
0 0.85625 0.4109375 0.01953125 0.096875
0 0.832421875 0.40703125 0.019921875 0.1
0 0.812890625 0.403125 0.01953125 0.096875
0 0.78046875 0.4125 0.019140625 0.0953125
0 0.791015625 0.41328125 0.01875 0.090625
0 0.798046875 0.41875 0.0171875 0.084375
0 0.73828125 0.4125 0.0203125 0.1015625
0 0.70703125 0.41328125 0.01875 0.09296875
0 0.6546875 0.415625 0.01796875 0.0921875
0 0.64609375 0.41484375 0.01953125 0.0953125
0 0.63828125 0.4203125 0.01875 0.0921875
0 0.673828125 0.41328125 0.01875 0.09296875
0 0.66171875 0.42109375 0.017578125 0.0859375
0 0.679296875 0.4203125 0.017578125 0.0875
0 0.6921875 0.4171875 0.01953125 0.0953125
0 0.011328125 0.4328125 0.01171875 0.05625
0 0.0265625 0.428125 0.01328125 0.065625
0 0.3203125 0.4359375 0.01640625 0.0796875
0 0.37265625 0.43125 0.015234375 0.07421875
0 0.336328125 0.434375 0.01640625 0.084375
0 0.35078125 0.434375 0.0171875 0.08515625
0 0.362890625 0.4375 0.01640625 0.08203125
0 0.401171875 0.428125 0.019921875 0.0984375
0 0.60625 0.4125 0.016015625 0.0796875