0 0.08046875 0.4109375 0.008203125 0.0421875
0 0.08671875 0.41171875 0.0078125 0.03828125
0 0.225 0.39921875 0.0046875 0.025
0 0.21953125 0.40703125 0.007421875 0.0375
0 0.2234375 0.40625 0.0078125 0.0390625
0 0.343359375 0.4 0.00390625 0.02265625
0 0.33515625 0.39921875 0.0046875 0.02421875
0 0.755859375 0.41640625 0.04375 0.21796875
0 0.312890625 0.41171875 0.009765625 0.05
0 0.2953125 0.41875 0.0171875 0.0859375
0 0.398828125 0.403125 0.008203125 0.040625
0 0.46953125 0.403125 0.008203125 0.040625
0 0.236328125 0.41796875 0.017578125 0.0875
0 0.4734375 0.409375 0.005859375 0.028125
0 0.406640625 0.41875 0.016015625 0.08203125
0 0.504296875 0.396875 0.009375 0.04765625
0 0.5015625 0.40078125 0.00859375 0.0421875
0 0.484375 0.4078125 0.00703125 0.03203125
0 0.5828125 0.4109375 0.016015625 0.07890625
0 0.56953125 0.4109375 0.01875 0.090625
0 0.5515625 0.40625 0.01484375 0.071875
0 0.5453125 0.41171875 0.016015625 0.07890625
0 0.59453125 0.4015625 0.013671875 0.06953125
0 0.56015625 0.415625 0.02265625 0.1109375
0 0.58984375 0.4125 0.02265625 0.109375
0 0.52578125 0.396875 0.008203125 0.0421875
0 0.390234375 0.4125 0.0171875 0.084375
0 0.426953125 0.4015625 0.01328125 0.065625
0 0.45546875 0.4015625 0.007421875 0.0359375