0 0.073046875 0.38828125 0.00625 0.03203125
0 0.3890625 0.39296875 0.008203125 0.0421875
0 0.430859375 0.39375 0.008203125 0.03984375
0 0.41796875 0.396875 0.00703125 0.0328125
0 0.41171875 0.39296875 0.0078125 0.03984375
0 0.16640625 0.38984375 0.01328125 0.0640625
0 0.456640625 0.39765625 0.0046875 0.025
0 0.461328125 0.3953125 0.005859375 0.03046875
0 0.53359375 0.39453125 0.00859375 0.0453125
0 0.543359375 0.39765625 0.0109375 0.05390625
0 0.79609375 0.40546875 0.013671875 0.06875
0 0.810546875 0.403125 0.013671875 0.06953125
0 0.6953125 0.40546875 0.01171875 0.05859375
0 0.191015625 0.384375 0.015234375 0.075
0 0.136328125 0.3859375 0.01640625 0.08125
0 0.4734375 0.39140625 0.007421875 0.0375
0 0.8875 0.40703125 0.01640625 0.0828125