0 0.76328125 0.3828125 0.0203125 0.1
0 0.746484375 0.384375 0.016015625 0.0796875
0 0.6671875 0.37578125 0.0125 0.06328125
0 0.676171875 0.37578125 0.0140625 0.0703125
0 0.33359375 0.41328125 0.0109375 0.0546875
0 0.341015625 0.41328125 0.01015625 0.053125
0 0.32265625 0.41328125 0.0109375 0.0515625
0 0.3171875 0.41484375 0.01015625 0.05390625
0 0.348828125 0.4171875 0.02109375 0.1046875
0 0.40859375 0.41015625 0.019921875 0.1
0 0.203515625 0.428125 0.015234375 0.075
0 0.188671875 0.4296875 0.016015625 0.0796875
0 0.01484375 0.4546875 0.02578125 0.128125
0 0.0078125 0.44375 0.015625 0.15