0 0.659765625 0.38984375 0.011328125 0.05625
0 0.08828125 0.4296875 0.01484375 0.071875
0 0.728125 0.3921875 0.017578125 0.08515625
0 0.1046875 0.4203125 0.02109375 0.1046875
0 0.269921875 0.415625 0.013671875 0.06953125
0 0.211328125 0.4203125 0.012109375 0.059375
0 0.203125 0.42109375 0.0125 0.06171875
0 0.48203125 0.3984375 0.008203125 0.04296875
0 0.465625 0.40546875 0.01171875 0.05859375
0 0.604296875 0.4203125 0.019921875 0.0984375
0 0.180859375 0.43046875 0.035546875 0.1765625
0 0.33125 0.40703125 0.005859375 0.0296875
0 0.351171875 0.40625 0.00703125 0.03515625
0 0.63359375 0.4125 0.03046875 0.14921875
0 0.23984375 0.4015625 0.050390625 0.03203125
0 0.260546875 0.4265625 0.00625 0.0109375
0 0.49921875 0.38671875 0.012109375 0.02734375
0 0.766796875 0.35625 0.011328125 0.003125