0 0.10703125 0.425 0.011328125 0.05625
0 0.35078125 0.41484375 0.005859375 0.03125
0 0.252734375 0.41796875 0.00546875 0.0296875
0 0.2921875 0.42734375 0.00703125 0.0359375
0 0.29765625 0.4265625 0.009375 0.046875
0 0.323828125 0.415625 0.00546875 0.0265625
0 0.262109375 0.41328125 0.01484375 0.07421875
0 0.4078125 0.4140625 0.013671875 0.06875
0 0.4546875 0.41875 0.012109375 0.0625
0 0.449609375 0.4203125 0.012109375 0.0609375
0 0.825 0.4140625 0.012109375 0.0609375
0 0.832421875 0.409375 0.0125 0.0625
0 0.819921875 0.4109375 0.01484375 0.0734375
0 0.771875 0.40703125 0.011328125 0.05625
0 0.78515625 0.40546875 0.01484375 0.0734375
0 0.72265625 0.4078125 0.0125 0.0640625
0 0.723828125 0.41015625 0.011328125 0.05625
0 0.66484375 0.4046875 0.012109375 0.0609375
0 0.67109375 0.4078125 0.01328125 0.0640625
0 0.5140625 0.4125 0.013671875 0.0671875
0 0.5171875 0.4125 0.01328125 0.0671875
0 0.5359375 0.41171875 0.011328125 0.0578125
0 0.529296875 0.4140625 0.0125 0.0625
0 0.546875 0.41328125 0.0109375 0.0546875
0 0.549609375 0.41328125 0.012109375 0.0609375
0 0.567578125 0.4125 0.01328125 0.06640625
0 0.5796875 0.4125 0.0125 0.0625
0 0.575390625 0.4109375 0.015234375 0.0765625
0 0.59140625 0.41171875 0.01328125 0.065625
0 0.6015625 0.409375 0.013671875 0.0671875
0 0.6046875 0.40546875 0.019140625 0.09375
0 0.61484375 0.4109375 0.011328125 0.05546875
0 0.621875 0.41328125 0.012109375 0.059375
0 0.63984375 0.41328125 0.0109375 0.0546875
0 0.63515625 0.40859375 0.012109375 0.06171875
0 0.646875 0.41328125 0.0109375 0.05390625
0 0.653125 0.415625 0.01875 0.09296875
0 0.16171875 0.41796875 0.0140625 0.06875
0 0.422265625 0.40703125 0.007421875 0.0375
0 0.44765625 0.4046875 0.0078125 0.0421875
0 0.461328125 0.40546875 0.0078125 0.03984375
0 0.1234375 0.43359375 0.021875 0.1078125
0 0.7484375 0.4 0.009375 0.046875
0 0.78828125 0.4125 0.01328125 0.06640625