0 0.12421875 0.4125 0.00625 0.03203125
0 0.117578125 0.4140625 0.00625 0.03125
0 0.175 0.41328125 0.012109375 0.06171875
0 0.160546875 0.4140625 0.012109375 0.0609375
0 0.199609375 0.421875 0.0171875 0.084375
0 0.212890625 0.41875 0.01640625 0.08203125
0 0.253125 0.40703125 0.01171875 0.0578125
0 0.247265625 0.409375 0.0171875 0.084375
0 0.375 0.40234375 0.01484375 0.071875
0 0.300390625 0.4171875 0.021875 0.10859375
0 0.473828125 0.409375 0.023828125 0.11796875
0 0.41953125 0.409375 0.026953125 0.13359375
0 0.8109375 0.3828125 0.05 0.24375