0 0.287890625 0.440625 0.042578125 0.209375
0 0.39296875 0.440625 0.050390625 0.2484375
0 0.432421875 0.44296875 0.04921875 0.24296875
0 0.442578125 0.43671875 0.055078125 0.2703125
0 0.417578125 0.43671875 0.060546875 0.29609375
0 0.472265625 0.41171875 0.00390625 0.01875
0 0.666796875 0.39375 0.016015625 0.0796875
0 0.28984375 0.446875 0.04609375 0.2265625
0 0.302734375 0.4421875 0.04765625 0.234375
0 0.23125 0.421875 0.012109375 0.0625
0 0.221484375 0.42265625 0.011328125 0.0578125
0 0.209375 0.4203125 0.0125 0.06328125
0 0.199609375 0.425 0.0109375 0.0546875
0 0.176171875 0.4234375 0.015234375 0.0765625
0 0.13203125 0.425 0.017578125 0.08671875
0 0.1109375 0.421875 0.01875 0.0921875
0 0.04609375 0.48359375 0.05390625 0.26484375
0 0.5765625 0.43359375 0.04453125 0.21875
0 0.4640625 0.40859375 0.005859375 0.03046875
0 0.16171875 0.4203125 0.0171875 0.0828125
0 0.12265625 0.3875 0.0140625 0.03046875
0 0.121875 0.43515625 0.009375 0.05546875
0 0.129296875 0.45859375 0.003515625 0.0046875
0 0.1390625 0.4046875 0.008203125 0.03828125
0 0.140234375 0.4625 0.00390625 0.0109375
0 0.226953125 0.403125 0.00390625 0.0078125
0 0.240625 0.409375 0.00859375 0.02734375