0 0.327734375 0.3859375 0.0046875 0.025
0 0.4109375 0.38984375 0.00546875 0.0265625
0 0.214453125 0.4015625 0.030859375 0.15234375
0 0.33828125 0.4125 0.031640625 0.15625
0 0.355078125 0.4125 0.034765625 0.1703125
0 0.30234375 0.4734375 0.06796875 0.33203125
0 0.11875 0.38828125 0.0328125 0.1609375
0 0.132421875 0.3921875 0.03515625 0.171875
0 0.08515625 0.3921875 0.0546875 0.2671875
0 0.01796875 0.378125 0.033203125 0.16328125
0 0.15859375 0.4078125 0.04375 0.2125
0 0.426171875 0.4109375 0.03125 0.153125
0 0.687890625 0.409375 0.013671875 0.0671875
0 0.980078125 0.4234375 0.00859375 0.04375
0 0.858984375 0.4328125 0.007421875 0.0359375
0 0.73359375 0.415625 0.0109375 0.053125
0 0.644921875 0.41328125 0.0234375 0.11640625
0 0.661328125 0.421875 0.03359375 0.165625
0 0.61640625 0.4140625 0.03828125 0.1875
0 0.630859375 0.43203125 0.03515625 0.17265625
0 0.43359375 0.41484375 0.029296875 0.14375
0 0.583984375 0.41640625 0.034375 0.16875
0 0.558984375 0.41796875 0.0375 0.18359375
0 0.469140625 0.403125 0.0328125 0.16015625
0 0.46484375 0.4109375 0.03828125 0.1875
0 0.464453125 0.4234375 0.03515625 0.171875
0 0.51640625 0.4171875 0.035546875 0.175
0 0.49765625 0.421875 0.03671875 0.1796875
0 0.503125 0.415625 0.040625 0.19921875
0 0.523046875 0.39765625 0.0265625 0.1296875
0 0.59296875 0.396875 0.00234375 0.01640625
0 0.60390625 0.4390625 0.016015625 0.05546875
0 0.60078125 0.3703125 0.0078125 0.0171875
0 0.847265625 0.428125 0.0140625 0.025