0 0.38828125 0.38046875 0.01171875 0.0578125
0 0.419140625 0.378125 0.008203125 0.04296875
0 0.1828125 0.4234375 0.0265625 0.1296875
0 0.221875 0.4078125 0.023828125 0.1171875
0 0.92890625 0.409375 0.03046875 0.15
0 0.6765625 0.37109375 0.01171875 0.05859375
0 0.59453125 0.3703125 0.00625 0.03125
0 0.25078125 0.42734375 0.03515625 0.17265625
0 0.484765625 0.37734375 0.009375 0.04765625
0 0.47578125 0.38671875 0.0125 0.0625
0 0.53984375 0.36484375 0.003515625 0.01640625
0 0.584765625 0.36484375 0.003515625 0.01875