0 0.639453125 0.40859375 0.011328125 0.05546875
0 0.672265625 0.396875 0.01640625 0.0796875
0 0.664453125 0.39765625 0.01796875 0.0875
0 0.68828125 0.39765625 0.015234375 0.075
0 0.401953125 0.4046875 0.0140625 0.0703125
0 0.384765625 0.4 0.0125 0.06328125
0 0.37265625 0.38984375 0.01171875 0.0609375
0 0.34609375 0.39375 0.0109375 0.05390625
0 0.23984375 0.40546875 0.0125 0.06328125
0 0.22734375 0.40390625 0.0140625 0.07109375
0 0.16875 0.415625 0.0171875 0.0859375
0 0.1765625 0.41484375 0.017578125 0.0875
0 0.64296875 0.40078125 0.013671875 0.06953125
0 0.646484375 0.3984375 0.01640625 0.08203125
0 0.3015625 0.40703125 0.03359375 0.16328125
0 0.2359375 0.38203125 0.007421875 0.01640625
0 0.242578125 0.38203125 0.000390625 0.0015625
0 0.24765625 0.3890625 0.008203125 0.01953125
0 0.362109375 0.378125 0.0140625 0.03984375