0 0.509765625 0.434375 0.005859375 0.03046875
0 0.50546875 0.43359375 0.009375 0.046875
0 0.5015625 0.434375 0.005859375 0.0296875
0 0.49296875 0.434375 0.005859375 0.028125
0 0.48359375 0.4359375 0.011328125 0.05625
0 0.430859375 0.43359375 0.00625 0.0328125
0 0.4109375 0.44140625 0.008203125 0.040625
0 0.40859375 0.44453125 0.008203125 0.0421875
0 0.531640625 0.43203125 0.01171875 0.059375
0 0.694921875 0.4203125 0.0375 0.1859375
0 0.746484375 0.4390625 0.04609375 0.2265625
0 0.726171875 0.446875 0.0453125 0.2203125
0 0.433203125 0.434375 0.0078125 0.03984375
0 0.437890625 0.43828125 0.0109375 0.053125