0 0.4140625 0.4171875 0.01171875 0.059375
0 0.400390625 0.45234375 0.0234375 0.115625
0 0.39921875 0.4484375 0.025 0.1234375
0 0.4078125 0.44609375 0.0296875 0.146875
0 0.425390625 0.45 0.023046875 0.115625
0 0.376953125 0.4453125 0.02734375 0.134375
0 0.35234375 0.4484375 0.02421875 0.1203125
0 0.323046875 0.45078125 0.026953125 0.13203125
0 0.687109375 0.40390625 0.0078125 0.03984375
0 0.7609375 0.396875 0.005859375 0.03046875
0 0.77421875 0.3921875 0.00625 0.0328125
0 0.825 0.3953125 0.0046875 0.025