0 0.9796875 0.3890625 0.0390625 0.22265625
0 0.63046875 0.403125 0.0171875 0.08671875
0 0.6609375 0.39375 0.01796875 0.090625
0 0.8796875 0.4015625 0.04453125 0.21796875
0 0.305078125 0.42109375 0.004296875 0.0234375
0 0.269921875 0.42890625 0.007421875 0.03515625
0 0.2765625 0.4265625 0.0078125 0.03828125
0 0.283984375 0.42578125 0.00625 0.0328125
0 0.3375 0.41875 0.00703125 0.03515625
0 0.507421875 0.40859375 0.01171875 0.0578125
0 0.515234375 0.4125 0.016015625 0.08203125
0 0.471875 0.42265625 0.011328125 0.0578125
0 0.34921875 0.415625 0.00625 0.03203125