0 0.469140625 0.35546875 0.00234375 0.01171875
0 0.543359375 0.346875 0.00390625 0.0203125
0 0.440625 0.36796875 0.008203125 0.040625
0 0.433203125 0.36484375 0.00703125 0.0359375
0 0.637109375 0.375 0.02578125 0.1265625
0 0.65703125 0.378125 0.023828125 0.1171875
0 0.19375 0.42265625 0.0375 0.18359375
0 0.468359375 0.3546875 0.003125 0.01640625
0 0.47265625 0.353125 0.003125 0.015625
0 0.52890625 0.3625 0.0078125 0.0390625
0 0.754296875 0.43671875 0.078125 0.38203125
0 0.540234375 0.35234375 0.007421875 0.03125