0 0.4484375 0.4 0.0125 0.0640625
0 0.39921875 0.4 0.01796875 0.08984375
0 0.21015625 0.41171875 0.0296875 0.14765625
0 0.73046875 0.396875 0.0078125 0.03984375
0 0.716796875 0.396875 0.0078125 0.03828125
0 0.723046875 0.38984375 0.01875 0.08984375
0 0.7609375 0.39375 0.008203125 0.040625
0 0.772265625 0.3921875 0.015234375 0.075
0 0.78671875 0.38984375 0.015625 0.07734375
0 0.800390625 0.3890625 0.009375 0.046875
0 0.79375 0.39375 0.013671875 0.0671875
0 0.35234375 0.4 0.01875 0.09375
0 0.565625 0.3890625 0.019140625 0.09375
0 0.665625 0.3984375 0.0046875 0.025
0 0.21328125 0.41328125 0.029296875 0.14453125
0 0.684375 0.39921875 0.0046875 0.02421875
0 0.300390625 0.37890625 0.00546875 0.03515625
0 0.31875 0.378125 0.01640625 0.034375