0 0.33984375 0.41328125 0.00703125 0.034375
0 0.45 0.40703125 0.00546875 0.0296875
0 0.446875 0.40546875 0.00703125 0.034375
0 0.351953125 0.415625 0.00859375 0.0453125
0 0.378515625 0.4140625 0.008203125 0.04296875
0 0.4671875 0.40390625 0.005859375 0.03203125
0 0.43984375 0.4078125 0.007421875 0.0375
0 0.542578125 0.40625 0.01796875 0.08984375
0 0.62265625 0.39375 0.00859375 0.04375
0 0.63515625 0.39453125 0.0109375 0.0546875
0 0.64296875 0.39921875 0.009765625 0.0484375
0 0.648046875 0.3921875 0.0109375 0.053125
0 0.7296875 0.41484375 0.0453125 0.2234375
0 0.7859375 0.44296875 0.033203125 0.16328125
0 0.694921875 0.4171875 0.06171875 0.303125
0 0.55234375 0.40078125 0.009375 0.04765625