0 0.33984375 0.3375 0.009765625 0.0484375
0 0.477734375 0.3125 0.00234375 0.0140625
0 0.487890625 0.315625 0.003515625 0.0171875
0 0.4921875 0.31171875 0.0046875 0.0265625
0 0.757421875 0.4078125 0.0421875 0.20703125
0 0.033203125 0.37421875 0.017578125 0.08671875
0 0.016015625 0.3765625 0.0171875 0.08515625
0 0.356640625 0.34453125 0.009375 0.04765625
0 0.6859375 0.33359375 0.0109375 0.05390625
0 0.37421875 0.33671875 0.008203125 0.040625
0 0.369921875 0.34140625 0.008203125 0.03984375
0 0.064453125 0.3453125 0.0109375 0.053125