0 0.62109375 0.42265625 0.017578125 0.08671875
0 0.6453125 0.41796875 0.0171875 0.0859375
0 0.633203125 0.42109375 0.01796875 0.090625
0 0.658203125 0.421875 0.017578125 0.0875
0 0.691796875 0.4203125 0.016015625 0.08125
0 0.701171875 0.4171875 0.01875 0.09296875
0 0.690625 0.425 0.01640625 0.0828125
0 0.675390625 0.41875 0.017578125 0.0859375
0 0.664453125 0.425 0.017578125 0.0875
0 0.751953125 0.4171875 0.01875 0.090625
0 0.72734375 0.4234375 0.01640625 0.0828125
0 0.71640625 0.42265625 0.017578125 0.0875
0 0.05390625 0.4390625 0.013671875 0.06953125
0 0.24140625 0.49140625 0.0796875 0.38984375
0 0.351953125 0.4734375 0.075 0.3671875
0 0.415234375 0.49921875 0.074609375 0.3640625
0 0.422265625 0.49453125 0.0890625 0.434375
0 0.094140625 0.4359375 0.01328125 0.0671875