0 0.61875 0.3984375 0.015234375 0.07421875
0 0.4390625 0.3796875 0.01484375 0.07109375
0 0.45546875 0.39140625 0.0125 0.0640625
0 0.43984375 0.39453125 0.0125 0.0640625
0 0.44765625 0.3953125 0.016015625 0.0796875
0 0.418359375 0.38984375 0.01875 0.0921875
0 0.481640625 0.38203125 0.0140625 0.0703125
0 0.47734375 0.390625 0.0171875 0.084375
0 0.245703125 0.3671875 0.01171875 0.05859375
0 0.3453125 0.4046875 0.034765625 0.1703125
0 0.271484375 0.40078125 0.03515625 0.17265625
0 0.17265625 0.378125 0.015234375 0.0734375
0 0.17890625 0.3890625 0.0125 0.0625
0 0.56015625 0.403125 0.0296875 0.14453125
0 0.58046875 0.4046875 0.021875 0.109375
0 0.57109375 0.4140625 0.03046875 0.1484375
0 0.42265625 0.3859375 0.019921875 0.1
0 0.504296875 0.3859375 0.01640625 0.08125
0 0.320703125 0.3796875 0.017578125 0.0859375
0 0.230859375 0.384375 0.0109375 0.0078125
0 0.23359375 0.36796875 0.007421875 0.009375