0 0.5578125 0.39140625 0.00703125 0.0359375
0 0.56484375 0.38984375 0.009765625 0.046875
0 0.548828125 0.396875 0.013671875 0.06875
0 0.542578125 0.39609375 0.013671875 0.06953125
0 0.575 0.38984375 0.0171875 0.08515625
0 0.5875 0.39375 0.01015625 0.0515625
0 0.85390625 0.3953125 0.05703125 0.2796875
0 0.778515625 0.39609375 0.058203125 0.284375
0 0.73515625 0.38125 0.0671875 0.328125
0 0.36796875 0.40546875 0.0078125 0.0390625
0 0.371875 0.40546875 0.008203125 0.040625
0 0.362890625 0.40703125 0.009375 0.04765625
0 0.347265625 0.4046875 0.007421875 0.03828125
0 0.35 0.41015625 0.00859375 0.04296875
0 0.339453125 0.409375 0.008203125 0.040625
0 0.3328125 0.41015625 0.01015625 0.05078125
0 0.322265625 0.40703125 0.009765625 0.05078125
0 0.312890625 0.4046875 0.0109375 0.05390625
0 0.084375 0.42109375 0.015625 0.078125
0 0.066015625 0.421875 0.0171875 0.084375
0 0.045703125 0.42578125 0.016015625 0.0796875
0 0.6015625 0.4 0.03125 0.153125
0 0.357421875 0.40703125 0.0078125 0.040625
0 0.424609375 0.390625 0.00625 0.01171875