0 0.058203125 0.415625 0.0171875 0.08671875
0 0.023828125 0.415625 0.01796875 0.0890625
0 0.04453125 0.41171875 0.0203125 0.10078125
0 0.121875 0.4125 0.016015625 0.0796875
0 0.1125 0.41328125 0.019140625 0.09375
0 0.141796875 0.4109375 0.019140625 0.0953125
0 0.18125 0.44140625 0.04453125 0.2203125
0 0.257421875 0.45234375 0.05 0.24375
0 0.329296875 0.4015625 0.009375 0.04765625
0 0.33671875 0.4078125 0.01875 0.0921875
0 0.605078125 0.38515625 0.00859375 0.04375
0 0.607421875 0.3890625 0.00859375 0.04296875
0 0.6359375 0.3953125 0.0140625 0.06953125
0 0.67109375 0.39921875 0.0171875 0.08515625
0 0.440234375 0.4390625 0.046484375 0.22578125
0 0.712890625 0.3890625 0.0109375 0.0546875
0 0.728515625 0.3890625 0.01484375 0.071875
0 0.7328125 0.384375 0.01484375 0.075
0 0.759375 0.38515625 0.01171875 0.059375
0 0.83515625 0.39921875 0.01796875 0.08984375
0 0.78671875 0.4515625 0.065625 0.3203125
0 0.490625 0.39921875 0.03515625 0.17265625
0 0.623828125 0.37734375 0.025 0.0359375