0 0.0265625 0.3859375 0.01875 0.0921875
0 0.105078125 0.3796875 0.01171875 0.0578125
0 0.198046875 0.3890625 0.011328125 0.05625
0 0.1265625 0.3875 0.01171875 0.0578125
0 0.232421875 0.39921875 0.015625 0.07734375
0 0.21171875 0.40546875 0.0171875 0.0859375
0 0.4640625 0.41328125 0.012109375 0.06171875
0 0.5203125 0.415625 0.01171875 0.05859375
0 0.5171875 0.415625 0.012109375 0.06171875
0 0.488671875 0.4015625 0.01015625 0.0515625
0 0.49375 0.4046875 0.0109375 0.053125
0 0.50625 0.4234375 0.009375 0.04609375
0 0.49765625 0.41328125 0.0109375 0.0546875
0 0.499609375 0.41953125 0.012109375 0.06171875
0 0.487890625 0.41640625 0.01328125 0.065625
0 0.480078125 0.41484375 0.013671875 0.06953125
0 0.91328125 0.4375 0.0140625 0.0703125
0 0.874609375 0.42734375 0.01484375 0.0734375
0 0.87578125 0.4328125 0.013671875 0.06953125
0 0.894140625 0.43359375 0.01328125 0.06640625
0 0.902734375 0.43359375 0.01484375 0.07421875
0 0.90859375 0.43828125 0.013671875 0.06953125
0 0.887890625 0.4328125 0.016015625 0.078125
0 0.1125 0.38984375 0.0125 0.0640625
0 0.15078125 0.384375 0.012109375 0.06171875
0 0.145703125 0.3890625 0.01328125 0.06640625
0 0.428125 0.403125 0.013671875 0.06953125