0 0.805078125 0.4 0.030859375 0.153125
0 0.819921875 0.40703125 0.0359375 0.17890625
0 0.148046875 0.4078125 0.01171875 0.059375
0 0.0640625 0.41328125 0.012109375 0.06171875
0 0.023828125 0.4359375 0.012109375 0.0625
0 0.010546875 0.415625 0.02109375 0.10234375
0 0.04375 0.42578125 0.023046875 0.11328125
0 0.22578125 0.4046875 0.008203125 0.0421875
0 0.168359375 0.42265625 0.023046875 0.1125
0 0.19296875 0.41328125 0.026953125 0.13359375
0 0.50234375 0.39140625 0.0046875 0.025
0 0.25703125 0.41484375 0.015625 0.07734375
0 0.269921875 0.41640625 0.019140625 0.09453125
0 0.130078125 0.42265625 0.030859375 0.1515625
0 0.65859375 0.39140625 0.01484375 0.07109375
0 0.100390625 0.43515625 0.02578125 0.128125
0 0.12578125 0.43125 0.0296875 0.14765625
0 0.655078125 0.4046875 0.01796875 0.090625
0 0.64296875 0.396875 0.02109375 0.103125
0 0.693359375 0.39765625 0.01875 0.09296875
0 0.67890625 0.4046875 0.0265625 0.12890625
0 0.24453125 0.41796875 0.0171875 0.084375
0 0.23984375 0.4203125 0.0234375 0.1171875
0 0.347265625 0.40703125 0.01640625 0.08125
0 0.33828125 0.41328125 0.015625 0.078125
0 0.3234375 0.41328125 0.015234375 0.075
0 0.33125 0.41328125 0.01953125 0.096875
0 0.40390625 0.40078125 0.011328125 0.05546875
0 0.393359375 0.4 0.011328125 0.0546875
0 0.42890625 0.39765625 0.00625 0.0328125
0 0.418359375 0.4015625 0.012109375 0.0609375
0 0.425 0.40546875 0.0109375 0.05390625
0 0.44921875 0.40390625 0.01171875 0.0578125
0 0.300390625 0.409375 0.023828125 0.11640625
0 0.28359375 0.40859375 0.023828125 0.11796875
0 0.5953125 0.4078125 0.017578125 0.0859375
0 0.37265625 0.39765625 0.021875 0.040625
0 0.43984375 0.3921875 0.01484375 0.021875
0 0.45703125 0.39296875 0.0078125 0.0203125
0 0.4671875 0.39609375 0.007421875 0.028125
0 0.480078125 0.4 0.01171875 0.03515625
0 0.491015625 0.39375 0.004296875 0.02265625
0 0.4953125 0.39453125 0.0015625 0.0171875
0 0.50078125 0.39140625 0.00078125 0.0203125
0 0.5046875 0.38359375 0.00078125 0.00625
0 0.50546875 0.39375 0.00078125 0.0109375