0 0.6609375 0.39609375 0.033203125 0.16328125
0 0.3875 0.378125 0.017578125 0.0875
0 0.4015625 0.39921875 0.02890625 0.14140625
0 0.423828125 0.38203125 0.01953125 0.09765625
0 0.4765625 0.390625 0.0265625 0.13125
0 0.56875 0.38359375 0.034375 0.165625
0 0.09609375 0.3921875 0.00859375 0.0453125
0 0.084375 0.3921875 0.00859375 0.04375
0 0.066015625 0.3921875 0.009765625 0.05
0 0.075 0.39140625 0.009375 0.0484375
0 0.0078125 0.39375 0.0109375 0.05390625
0 0.0265625 0.39375 0.008203125 0.040625
0 0.032421875 0.396875 0.015234375 0.0484375