0 0.127734375 0.39296875 0.0140625 0.07109375
0 0.0375 0.41484375 0.025390625 0.125
0 0.06953125 0.42421875 0.026953125 0.13203125
0 0.0546875 0.4203125 0.029296875 0.14375
0 0.058984375 0.4265625 0.029296875 0.1453125
0 0.727734375 0.3875 0.008203125 0.0421875
0 0.7859375 0.3828125 0.009375 0.046875
0 0.79296875 0.371875 0.009765625 0.0484375
0 0.903125 0.37421875 0.01171875 0.0609375
0 0.7171875 0.4125 0.027734375 0.1359375
0 0.775390625 0.38203125 0.0078125 0.0390625
0 0.750390625 0.4203125 0.02734375 0.13359375
0 0.76796875 0.38203125 0.009375 0.04765625
0 0.819140625 0.4046875 0.023828125 0.1171875
0 0.965625 0.39296875 0.029296875 0.14375
0 0.925 0.39921875 0.025390625 0.125
0 0.93515625 0.4078125 0.03359375 0.16484375
0 0.9171875 0.39765625 0.038671875 0.19140625
0 0.38828125 0.39375 0.0078125 0.0390625
0 0.40078125 0.3921875 0.0078125 0.0375
0 0.558203125 0.3875 0.008203125 0.04296875
0 0.50078125 0.41796875 0.0359375 0.178125
0 0.1625 0.3859375 0.01328125 0.0671875
0 0.762109375 0.37421875 0.0078125 0.0265625
0 0.771484375 0.4 0.003125 0.00703125
0 0.7734375 0.36796875 0.0046875 0.0109375
0 0.780859375 0.3703125 0.008203125 0.0171875
0 0.779296875 0.39375 0.00078125 0.0109375