0 0.68125 0.39921875 0.0109375 0.05546875
0 0.900390625 0.39765625 0.015625 0.078125
0 0.765234375 0.4046875 0.01484375 0.07421875
0 0.7921875 0.40625 0.015625 0.078125
0 0.68515625 0.4109375 0.0125 0.0640625
0 0.66796875 0.4015625 0.01171875 0.05859375
0 0.817578125 0.4046875 0.019140625 0.0953125
0 0.805078125 0.40546875 0.019140625 0.09375
0 0.83203125 0.40703125 0.01953125 0.0953125
0 0.601953125 0.41796875 0.0203125 0.1015625
0 0.619921875 0.41484375 0.021875 0.10625
0 0.53828125 0.425 0.017578125 0.08671875
0 0.5109375 0.4171875 0.017578125 0.0859375
0 0.493359375 0.41328125 0.019140625 0.0953125
0 0.52578125 0.41953125 0.023046875 0.1140625
0 0.55546875 0.43671875 0.0453125 0.22265625
0 0.458984375 0.41953125 0.0125 0.065625
0 0.415625 0.4328125 0.02578125 0.1265625
0 0.298046875 0.42265625 0.02109375 0.10546875
0 0.26875 0.4234375 0.01171875 0.0578125
0 0.216015625 0.459375 0.0296875 0.146875
0 0.8859375 0.396875 0.01484375 0.071875
0 0.234765625 0.41640625 0.0109375 0.05546875
0 0.088671875 0.4125 0.00625 0.015625
0 0.09921875 0.41484375 0.00859375 0.0171875
0 0.10703125 0.4171875 0.003515625 0.01484375
0 0.1359375 0.41484375 0.050390625 0.04375
0 0.16953125 0.41640625 0.009375 0.04375
0 0.28828125 0.4203125 0.01484375 0.05078125
0 0.61015625 0.4078125 0.009765625 0.05546875
0 0.635546875 0.4140625 0.012109375 0.0703125
0 0.659375 0.40390625 0.01484375 0.07109375
0 0.670703125 0.3796875 0.000390625 0.00390625
0 0.68984375 0.37890625 0.01171875 0.0484375
0 0.730859375 0.396875 0.019140625 0.0703125
0 0.74921875 0.396875 0.00703125 0.0515625
0 0.8703125 0.39921875 0.023046875 0.0375
0 0.859765625 0.4328125 0.000390625 0.00078125
0 0.86328125 0.4421875 0.00390625 0.00625
0 0.88203125 0.3859375 0.000390625 0.00078125