0 0.2625 0.4828125 0.0140625 0.0703125
0 0.36796875 0.46953125 0.0078125 0.0390625
0 0.3953125 0.46796875 0.005859375 0.03046875
0 0.401953125 0.465625 0.007421875 0.0375
0 0.4140625 0.4625 0.0078125 0.0390625
0 0.487890625 0.4578125 0.009765625 0.04765625
0 0.65390625 0.46953125 0.03203125 0.159375
0 0.68125 0.4734375 0.029296875 0.14375
0 0.694140625 0.46171875 0.035546875 0.1734375
0 0.758984375 0.4421875 0.023046875 0.11328125
0 0.75 0.44375 0.0234375 0.115625
0 0.856640625 0.43359375 0.019921875 0.09765625
0 0.9 0.4609375 0.03828125 0.1875
0 0.95859375 0.4359375 0.03203125 0.1578125
0 0.972265625 0.4546875 0.03984375 0.1953125
0 0.542578125 0.44765625 0.003515625 0.01875
0 0.3828125 0.46875 0.015625 0.040625