0 0.5125 0.4234375 0.013671875 0.0671875
0 0.69375 0.4078125 0.009765625 0.0484375
0 0.71328125 0.4125 0.009375 0.0453125
0 0.73828125 0.4125 0.01484375 0.0734375
0 0.75234375 0.41640625 0.013671875 0.0671875
0 0.63203125 0.4234375 0.047265625 0.23046875
0 0.38515625 0.4234375 0.015234375 0.075
0 0.37734375 0.428125 0.01484375 0.071875
0 0.2984375 0.4234375 0.008203125 0.0421875
0 0.2875 0.425 0.0078125 0.03984375
0 0.26171875 0.4640625 0.046875 0.23046875
0 0.156640625 0.46328125 0.070703125 0.346875
0 0.101171875 0.43515625 0.013671875 0.0671875
0 0.45546875 0.44453125 0.052734375 0.25859375
0 0.04609375 0.44140625 0.015625 0.078125
0 0.6640625 0.4 0.01875 0.09375
0 0.1203125 0.44140625 0.0109375 0.0703125
0 0.12734375 0.4421875 0.00390625 0.0234375
0 0.136328125 0.440625 0.009375 0.06875