0 0.527734375 0.403125 0.008203125 0.04296875
0 0.515234375 0.4046875 0.008203125 0.0421875
0 0.50625 0.40625 0.009375 0.046875
0 0.46484375 0.41015625 0.01171875 0.05625
0 0.401171875 0.409375 0.011328125 0.05546875
0 0.417578125 0.409375 0.01171875 0.059375
0 0.323828125 0.4109375 0.00859375 0.0421875
0 0.30703125 0.42734375 0.0234375 0.1140625
0 0.285546875 0.41875 0.01953125 0.096875
0 0.25703125 0.4171875 0.02265625 0.1125
0 0.085546875 0.42890625 0.0296875 0.1453125
0 0.570703125 0.4203125 0.019921875 0.1
0 0.130859375 0.471875 0.01484375 0.07890625
0 0.134375 0.37265625 0.004296875 0.01640625
0 0.136328125 0.4203125 0.0015625 0.00859375
0 0.162109375 0.4265625 0.013671875 0.16015625
0 0.183203125 0.48046875 0.01640625 0.0625
0 0.4921875 0.4109375 0.01171875 0.04375
0 0.55546875 0.403125 0.008203125 0.0484375