0 0.702734375 0.39921875 0.031640625 0.15546875
0 0.743359375 0.415625 0.042578125 0.2078125
0 0.787890625 0.3953125 0.04921875 0.24296875
0 0.7515625 0.40078125 0.0640625 0.31328125
0 0.628515625 0.3875 0.01796875 0.0875
0 0.837109375 0.40546875 0.055078125 0.26953125
0 0.60234375 0.384375 0.017578125 0.0890625
0 0.615625 0.3890625 0.0203125 0.1015625
0 0.5796875 0.39140625 0.0140625 0.07109375
0 0.3515625 0.38828125 0.00703125 0.034375
0 0.343359375 0.3875 0.00625 0.0328125
0 0.25703125 0.3859375 0.009765625 0.05
0 0.26484375 0.3984375 0.01640625 0.08203125
0 0.242578125 0.3953125 0.01640625 0.08203125
0 0.207421875 0.40546875 0.0171875 0.084375
0 0.11953125 0.40859375 0.021875 0.10625
0 0.09453125 0.4109375 0.02265625 0.11015625
0 0.071875 0.41171875 0.021484375 0.10625
0 0.087109375 0.4125 0.02578125 0.12578125
0 0.638671875 0.38359375 0.01640625 0.0828125
0 0.6609375 0.4046875 0.04921875 0.24140625
0 0.319140625 0.3921875 0.009375 0.04609375
0 0.32890625 0.39140625 0.00703125 0.0328125
0 0.2671875 0.3890625 0.008203125 0.03984375