0 0.431640625 0.421875 0.00390625 0.021875
0 0.4421875 0.4171875 0.00390625 0.021875
0 0.445703125 0.41796875 0.0046875 0.025
0 0.45078125 0.4171875 0.00546875 0.02734375
0 0.45546875 0.41875 0.005859375 0.03046875
0 0.46171875 0.41875 0.005859375 0.03046875
0 0.496484375 0.4171875 0.005859375 0.028125
0 0.51171875 0.41484375 0.0109375 0.053125
0 0.519921875 0.4234375 0.008203125 0.03984375
0 0.53046875 0.4203125 0.0109375 0.05546875
0 0.624609375 0.44140625 0.02890625 0.140625
0 0.61640625 0.43984375 0.03359375 0.1671875
0 0.675 0.4265625 0.03125 0.153125
0 0.756640625 0.4359375 0.0375 0.184375
0 0.930078125 0.43046875 0.02265625 0.1109375
0 0.969140625 0.421875 0.029296875 0.14453125
0 0.241796875 0.41796875 0.01171875 0.0609375
0 0.2328125 0.415625 0.011328125 0.0546875
0 0.100390625 0.41328125 0.0171875 0.0859375
0 0.11015625 0.4125 0.017578125 0.08671875
0 0.121875 0.43125 0.02421875 0.1203125
0 0.12890625 0.44609375 0.028125 0.13984375
0 0.181640625 0.44609375 0.028125 0.13984375
0 0.2078125 0.440625 0.025390625 0.12421875
0 0.435546875 0.415625 0.00390625 0.0203125
0 0.7125 0.440625 0.03046875 0.1484375
0 0.803125 0.4171875 0.0421875 0.20625
0 0.893359375 0.4125 0.02890625 0.1421875