0 0.79921875 0.38046875 0.023046875 0.1140625
0 0.760546875 0.38671875 0.02578125 0.12890625
0 0.9125 0.39765625 0.037109375 0.18359375
0 0.972265625 0.40234375 0.05390625 0.396875
0 0.869921875 0.39765625 0.05703125 0.28125
0 0.408203125 0.38828125 0.0046875 0.02421875
0 0.93359375 0.471875 0.0390625 0.1921875
0 0.701953125 0.3796875 0.02109375 0.10546875
0 0.441015625 0.396875 0.00546875 0.028125
0 0.412890625 0.3953125 0.00625 0.0328125
0 0.41875 0.39765625 0.00546875 0.028125
0 0.30859375 0.403125 0.015625 0.0765625
0 0.33515625 0.4 0.015625 0.0765625
0 0.230859375 0.40859375 0.015234375 0.075
0 0.24765625 0.40859375 0.01484375 0.0734375
0 0.21796875 0.4296875 0.03125 0.1546875
0 0.2953125 0.409375 0.03046875 0.1484375
0 0.383203125 0.42734375 0.03828125 0.18671875
0 0.46171875 0.4109375 0.0234375 0.11640625
0 0.534375 0.409375 0.042578125 0.2078125
0 0.120703125 0.41640625 0.0390625 0.1921875
0 0.0515625 0.440625 0.0453125 0.221875
0 0.63828125 0.38828125 0.015234375 0.07734375
0 0.642578125 0.39140625 0.017578125 0.08671875
0 0.64765625 0.384375 0.02109375 0.103125
0 0.5609375 0.38203125 0.019921875 0.01875
0 0.584765625 0.38125 0.021875 0.03046875
0 0.5984375 0.38125 0.003515625 0.02421875
0 0.61484375 0.3890625 0.023046875 0.07109375
0 0.63359375 0.3640625 0.0015625 0.0046875
0 0.63515625 0.40546875 0.000390625 0.01875
0 0.6359375 0.3515625 0.000390625 0.0015625