0 0.116796875 0.37578125 0.003515625 0.01875
0 0.17421875 0.3796875 0.008203125 0.0421875
0 0.295703125 0.3875 0.007421875 0.0359375
0 0.315625 0.38984375 0.00546875 0.02734375
0 0.312109375 0.3875 0.00703125 0.0359375
0 0.32734375 0.38984375 0.0046875 0.0265625
0 0.5515625 0.403125 0.007421875 0.03828125
0 0.573046875 0.40546875 0.008203125 0.040625
0 0.563671875 0.41796875 0.0140625 0.0703125
0 0.55546875 0.4140625 0.01796875 0.0875
0 0.007421875 0.3734375 0.00546875 0.0265625
0 0.91640625 0.41953125 0.009375 0.04609375
0 0.947265625 0.4234375 0.00859375 0.04375
0 0.89375 0.41640625 0.009375 0.04609375
0 0.750390625 0.41875 0.01171875 0.05859375
0 0.759375 0.42109375 0.01015625 0.0515625
0 0.758203125 0.4203125 0.011328125 0.05546875
0 0.76796875 0.42421875 0.009375 0.04609375
0 0.89921875 0.42734375 0.015625 0.07890625
0 0.198828125 0.37734375 0.008203125 0.0421875
0 0.301171875 0.38359375 0.0046875 0.0234375
0 0.359375 0.396875 0.009765625 0.01640625