0 0.794140625 0.39140625 0.00625 0.03203125
0 0.801171875 0.3953125 0.00625 0.0328125
0 0.80546875 0.3875 0.00390625 0.0203125
0 0.31875 0.421875 0.04140625 0.203125
0 0.34296875 0.425 0.0390625 0.19375
0 0.32734375 0.42578125 0.042578125 0.209375
0 0.29765625 0.4359375 0.042578125 0.209375
0 0.2828125 0.43359375 0.04453125 0.2171875
0 0.337109375 0.41015625 0.030859375 0.15234375
0 0.770703125 0.3953125 0.00625 0.03125
0 0.760546875 0.3953125 0.004296875 0.0234375
0 0.99140625 0.3796875 0.011328125 0.04765625