0 0.777734375 0.4078125 0.007421875 0.0375
0 0.95 0.42109375 0.04140625 0.20234375
0 0.78203125 0.4109375 0.00625 0.034375
0 0.894140625 0.4125 0.098046875 0.4796875
0 0.538671875 0.4 0.007421875 0.03828125
0 0.552734375 0.4 0.00859375 0.04375
0 0.558984375 0.40703125 0.021875 0.11015625
0 0.57265625 0.41171875 0.021484375 0.10625
0 0.603125 0.40703125 0.016015625 0.0796875
0 0.624609375 0.40703125 0.015625 0.078125
0 0.61171875 0.4125 0.023046875 0.11328125
0 0.655859375 0.43359375 0.034375 0.16796875
0 0.7421875 0.42421875 0.06171875 0.3015625
0 0.070703125 0.378125 0.005859375 0.028125
0 0.28828125 0.40859375 0.021875 0.10859375
0 0.271875 0.4046875 0.02421875 0.1203125
0 0.323828125 0.4046875 0.023046875 0.1125
0 0.341015625 0.4078125 0.02578125 0.1265625
0 0.33203125 0.41640625 0.0234375 0.1140625
0 0.379296875 0.40546875 0.023046875 0.11328125
0 0.376171875 0.41015625 0.025 0.1234375
0 0.357421875 0.40859375 0.02734375 0.1359375
0 0.46015625 0.41796875 0.023828125 0.11875
0 0.38515625 0.409375 0.023828125 0.11875
0 0.441015625 0.415625 0.02734375 0.134375
0 0.45 0.4078125 0.033203125 0.1609375
0 0.40390625 0.4140625 0.03359375 0.165625
0 0.8015625 0.4265625 0.0078125 0.0390625
0 0.668359375 0.396875 0.017578125 0.0859375
0 0.707421875 0.3921875 0.038671875 0.1890625
0 0.23984375 0.38671875 0.003515625 0.0171875
0 0.128125 0.38125 0.009765625 0.0328125
0 0.153125 0.38359375 0.009765625 0.025
0 0.40234375 0.4609375 0.0046875 0.03125
0 0.417578125 0.3609375 0.01328125 0.0171875
0 0.422265625 0.43984375 0.01953125 0.0578125
0 0.42421875 0.4015625 0.00234375 0.00859375
0 0.4234375 0.38125 0.000390625 0.0078125