0 0.093359375 0.41796875 0.01484375 0.071875
0 0.99296875 0.3921875 0.012109375 0.1046875
0 0.988671875 0.39296875 0.02109375 0.12421875
0 0.971484375 0.4171875 0.02578125 0.128125
0 0.521484375 0.4125 0.003125 0.015625
0 0.683984375 0.403125 0.008203125 0.0421875
0 0.348046875 0.403125 0.005859375 0.03046875
0 0.690234375 0.403125 0.007421875 0.0375
0 0.697265625 0.403125 0.00859375 0.0453125
0 0.705859375 0.4015625 0.009375 0.04765625
0 0.34140625 0.41171875 0.0078125 0.03984375
0 0.31953125 0.403125 0.0078125 0.03828125
0 0.525390625 0.41328125 0.003125 0.015625
0 0.730078125 0.403125 0.01484375 0.071875
0 0.50546875 0.40625 0.00546875 0.025
0 0.48828125 0.425 0.017578125 0.0875
0 0.464453125 0.4265625 0.0203125 0.1015625
0 0.675390625 0.40625 0.01015625 0.05078125
0 0.554296875 0.41015625 0.01171875 0.025
0 0.562890625 0.3984375 0.00234375 0.0015625