0 0.39375 0.39375 0.009765625 0.05
0 0.2703125 0.39921875 0.01875 0.0921875
0 0.861328125 0.37578125 0.015625 0.07734375
0 0.815625 0.3765625 0.016015625 0.08125
0 0.80234375 0.378125 0.015234375 0.07734375
0 0.788671875 0.378125 0.013671875 0.06875
0 0.974609375 0.4640625 0.048828125 0.46796875
0 0.738671875 0.38046875 0.017578125 0.08671875
0 0.653125 0.3796875 0.0109375 0.0546875
0 0.649609375 0.396875 0.019921875 0.09765625
0 0.664453125 0.38359375 0.0140625 0.07109375
0 0.677734375 0.39375 0.021484375 0.10546875
0 0.569921875 0.39453125 0.00859375 0.0453125
0 0.45390625 0.39140625 0.0046875 0.02421875
0 0.56484375 0.384375 0.00625 0.03046875
0 0.620703125 0.36875 0.007421875 0.0390625
0 0.613671875 0.37578125 0.007421875 0.0359375
0 0.424609375 0.4 0.0140625 0.071875
0 0.58671875 0.396875 0.021484375 0.1046875
0 0.55703125 0.403125 0.023828125 0.11796875
0 0.598046875 0.3984375 0.03046875 0.1484375
0 0.57578125 0.3828125 0.0109375 0.0234375
0 0.620703125 0.3828125 0.01953125 0.0453125
0 0.70546875 0.3859375 0.016015625 0.04375