0 0.521875 0.36015625 0.00234375 0.0125
0 0.523046875 0.3734375 0.003125 0.01484375
0 0.551171875 0.425 0.00703125 0.0328125
0 0.575 0.43671875 0.009375 0.04609375
0 0.553125 0.465625 0.0109375 0.053125
0 0.684765625 0.49921875 0.046484375 0.228125
0 0.49375 0.396875 0.005859375 0.0296875
0 0.41328125 0.48125 0.02578125 0.128125
0 0.227734375 0.5 0.0484375 0.2359375
0 0.18046875 0.49921875 0.04296875 0.21171875
0 0.49453125 0.428125 0.007421875 0.0375
0 0.5015625 0.4265625 0.007421875 0.0390625
0 0.509375 0.428125 0.00703125 0.0359375
0 0.369921875 0.48359375 0.043359375 0.2140625
0 0.537109375 0.41875 0.005859375 0.03125