0 0.46875 0.32421875 0.00390625 0.021875
0 0.4484375 0.33125 0.008203125 0.04375
0 0.433203125 0.371875 0.01484375 0.0734375
0 0.48984375 0.3609375 0.0140625 0.06953125
0 0.460546875 0.365625 0.015625 0.07734375
0 0.31953125 0.34453125 0.008203125 0.04296875
0 0.287890625 0.37578125 0.011328125 0.05859375
0 0.28046875 0.39296875 0.00546875 0.028125
0 0.36171875 0.39765625 0.02265625 0.109375
0 0.323046875 0.425 0.03359375 0.16484375
0 0.34375 0.42890625 0.03203125 0.16015625
0 0.26484375 0.4203125 0.031640625 0.15703125
0 0.651953125 0.334375 0.0078125 0.03984375
0 0.658203125 0.3328125 0.0078125 0.03984375
0 0.721875 0.39140625 0.029296875 0.1453125
0 0.761328125 0.39921875 0.037109375 0.18359375
0 0.751953125 0.4046875 0.0421875 0.2046875
0 0.704296875 0.4140625 0.038671875 0.1875
0 0.428125 0.35859375 0.03125 0.075
0 0.46796875 0.3421875 0.0078125 0.03203125
0 0.519921875 0.3359375 0.043359375 0.0484375
0 0.596875 0.321875 0.0140625 0.0265625