0 0.558203125 0.43828125 0.003515625 0.015625
0 0.558984375 0.45234375 0.0046875 0.025
0 0.45546875 0.45625 0.0078125 0.03984375
0 0.39296875 0.45859375 0.011328125 0.0578125
0 0.2875 0.465625 0.02265625 0.11015625
0 0.305078125 0.46796875 0.023046875 0.1140625
0 0.262890625 0.4703125 0.026953125 0.13203125
0 0.244140625 0.49453125 0.017578125 0.08671875
0 0.2203125 0.465625 0.029296875 0.14453125
0 0.377734375 0.45859375 0.0171875 0.08515625
0 0.38828125 0.46015625 0.01640625 0.08203125
0 0.3765625 0.4625 0.01875 0.09296875
0 0.365234375 0.46640625 0.017578125 0.0890625
0 0.058984375 0.4703125 0.02421875 0.1203125
0 0.0578125 0.47109375 0.031640625 0.15546875
0 0.10703125 0.4703125 0.02578125 0.12890625
0 0.096875 0.465625 0.03203125 0.159375
0 0.089453125 0.4703125 0.025390625 0.12421875
0 0.10234375 0.471875 0.03046875 0.1484375
0 0.15625 0.465625 0.03125 0.153125
0 0.55 0.4671875 0.012109375 0.0609375
0 0.62421875 0.459375 0.004296875 0.02265625
0 0.628125 0.4578125 0.00546875 0.028125
0 0.743359375 0.4671875 0.02109375 0.10234375
0 0.75625 0.465625 0.02109375 0.103125
0 0.750390625 0.4859375 0.0125 0.0640625
0 0.7375 0.4765625 0.01640625 0.08203125
0 0.70625 0.46015625 0.02109375 0.103125
0 0.694921875 0.465625 0.02265625 0.11015625
0 0.6625 0.46640625 0.01875 0.090625
0 0.671484375 0.46953125 0.019921875 0.1
0 0.678515625 0.46640625 0.021875 0.10625
0 0.687109375 0.4671875 0.0234375 0.1171875
0 0.203125 0.475 0.0234375 0.115625
0 0.515234375 0.46015625 0.00859375 0.04375
0 0.29453125 0.4984375 0.009375 0.04375
0 0.295703125 0.43046875 0.008203125 0.01875