0 0.8 0.384375 0.00625 0.034375
0 0.429296875 0.41484375 0.015234375 0.0765625
0 0.49453125 0.3984375 0.01640625 0.08203125
0 0.5234375 0.396875 0.01171875 0.0578125
0 0.51328125 0.4015625 0.01171875 0.0578125
0 0.034375 0.5015625 0.055078125 0.26953125
0 0.087109375 0.540625 0.031640625 0.1546875
0 0.091015625 0.5015625 0.053125 0.26171875
0 0.640234375 0.51796875 0.10390625 0.50859375
0 0.567578125 0.55625 0.10703125 0.52421875
0 0.86796875 0.503125 0.10234375 0.5
0 0.876953125 0.5234375 0.1140625 0.5609375
0 0.763671875 0.4125 0.0125 0.06328125
0 0.975 0.4484375 0.0484375 0.271875
0 0.921875 0.3953125 0.01484375 0.0359375