0 0.42265625 0.43125 0.007421875 0.0375
0 0.46015625 0.4265625 0.01171875 0.059375
0 0.354296875 0.43671875 0.026953125 0.1328125
0 0.3234375 0.46171875 0.017578125 0.0890625
0 0.305078125 0.42578125 0.030859375 0.15234375
0 0.2765625 0.44296875 0.03671875 0.18046875
0 0.22578125 0.43984375 0.0390625 0.1921875
0 0.04140625 0.49296875 0.0828125 0.40625
0 0.584375 0.4171875 0.005859375 0.03046875
0 0.590234375 0.41484375 0.007421875 0.03515625
0 0.57734375 0.425 0.0109375 0.05390625
0 0.437109375 0.42734375 0.01640625 0.06328125