0 0.54453125 0.43671875 0.00390625 0.0203125
0 0.543359375 0.45859375 0.005859375 0.028125
0 0.558203125 0.4609375 0.00859375 0.04296875
0 0.569921875 0.44453125 0.013671875 0.06875
0 0.58125 0.44375 0.01328125 0.065625
0 0.851171875 0.434375 0.044921875 0.21953125
0 0.8171875 0.440625 0.04375 0.2171875
0 0.9140625 0.43671875 0.041015625 0.2
0 0.481640625 0.45859375 0.009375 0.04609375
0 0.45625 0.44375 0.01875 0.0921875
0 0.523828125 0.440625 0.025 0.1234375
0 0.496875 0.4484375 0.02265625 0.1109375
0 0.473046875 0.440625 0.025 0.1234375
0 0.43515625 0.4453125 0.023046875 0.11328125
0 0.392578125 0.45234375 0.02265625 0.1109375
0 0.338671875 0.434375 0.02109375 0.103125
0 0.35 0.4421875 0.025 0.12109375
0 0.291015625 0.4484375 0.0265625 0.13125
0 0.308203125 0.45078125 0.0296875 0.1453125
0 0.42734375 0.440625 0.0125 0.0625
0 0.412109375 0.4328125 0.017578125 0.08671875