0 0.1375 0.41953125 0.025390625 0.12578125
0 0.023046875 0.4046875 0.023828125 0.11796875
0 0.066796875 0.40703125 0.025 0.12421875
0 0.084765625 0.40546875 0.02578125 0.12890625
0 0.04375 0.40625 0.026953125 0.1328125
0 0.07265625 0.415625 0.02421875 0.11875
0 0.098046875 0.409375 0.025390625 0.125
0 0.163671875 0.421875 0.025390625 0.1265625
0 0.20703125 0.434375 0.013671875 0.0671875
0 0.890234375 0.41875 0.027734375 0.1359375
0 0.033203125 0.37265625 0.0109375 0.028125
0 0.05546875 0.36640625 0.01015625 0.0265625