0 0.384765625 0.37421875 0.00390625 0.021875
0 0.371875 0.3703125 0.004296875 0.021875
0 0.447265625 0.3765625 0.0046875 0.025
0 0.441796875 0.37578125 0.00546875 0.025
0 0.598828125 0.49765625 0.051171875 0.253125
0 0.53359375 0.496875 0.058984375 0.28984375
0 0.33125 0.42734375 0.0140625 0.07109375
0 0.340234375 0.4296875 0.0125 0.0625
0 0.238671875 0.43203125 0.01875 0.090625
0 0.25234375 0.44453125 0.01796875 0.090625
0 0.2625 0.44375 0.019921875 0.1
0 0.4265625 0.45703125 0.02265625 0.109375