0 0.504296875 0.4359375 0.012109375 0.059375
0 0.43515625 0.434375 0.01484375 0.0734375
0 0.41875 0.46015625 0.02890625 0.140625
0 0.34375 0.45859375 0.017578125 0.08671875
0 0.15859375 0.45390625 0.019921875 0.10078125
0 0.0609375 0.48359375 0.0375 0.184375
0 0.086328125 0.49140625 0.034765625 0.1703125
0 0.87734375 0.46015625 0.03515625 0.1734375
0 0.91171875 0.4703125 0.05234375 0.25625
0 0.674609375 0.465625 0.040625 0.1984375
0 0.673828125 0.4984375 0.07890625 0.3890625
0 0.087890625 0.47109375 0.028125 0.13984375