0 0.7328125 0.4125 0.00859375 0.0453125
0 0.8828125 0.41328125 0.0109375 0.0546875
0 0.948828125 0.4203125 0.011328125 0.05625
0 0.971484375 0.41796875 0.01328125 0.0640625
0 0.4203125 0.43046875 0.0234375 0.1140625
0 0.43828125 0.42265625 0.025390625 0.12421875
0 0.310546875 0.4421875 0.013671875 0.0671875
0 0.330859375 0.4140625 0.026953125 0.1328125
0 0.23515625 0.4203125 0.035546875 0.1734375
0 0.24453125 0.43125 0.034765625 0.17109375
0 0.19375 0.41484375 0.035546875 0.175
0 0.60078125 0.39765625 0.005859375 0.03046875
0 0.596875 0.396875 0.005859375 0.03125
0 0.577734375 0.4015625 0.009375 0.04765625
0 0.512890625 0.4046875 0.007421875 0.03515625
0 0.5171875 0.403125 0.01015625 0.05
0 0.528125 0.4 0.011328125 0.05625
0 0.45 0.41328125 0.016015625 0.07890625
0 0.461328125 0.4 0.00859375 0.04609375
0 0.63125 0.4015625 0.00703125 0.0328125
0 0.500390625 0.409375 0.01484375 0.0734375
0 0.746875 0.41640625 0.016015625 0.08125
0 0.77109375 0.4125 0.01953125 0.09765625
0 0.3921875 0.41796875 0.02734375 0.134375
0 0.712890625 0.41328125 0.0203125 0.0484375
0 0.758203125 0.425 0.02265625 0.0671875
0 0.81171875 0.42109375 0.0265625 0.14453125