0 0.16171875 0.428125 0.00859375 0.04609375
0 0.0078125 0.43828125 0.015625 0.0796875
0 0.0890625 0.4359375 0.0109375 0.0546875
0 0.113671875 0.4421875 0.007421875 0.03828125
0 0.10390625 0.434375 0.012109375 0.06171875
0 0.2625 0.41484375 0.004296875 0.0234375
0 0.271875 0.4140625 0.00546875 0.02734375
0 0.247265625 0.415625 0.00625 0.03125
0 0.24453125 0.425 0.009765625 0.04765625
0 0.325 0.409375 0.003125 0.015625
0 0.487109375 0.40703125 0.004296875 0.0234375
0 0.530859375 0.40546875 0.00546875 0.0296875
0 0.451953125 0.4046875 0.004296875 0.02265625
0 0.45625 0.40546875 0.003515625 0.01640625
0 0.46484375 0.4078125 0.0046875 0.025
0 0.414453125 0.415625 0.012109375 0.059375
0 0.82890625 0.4 0.019140625 0.09375
0 0.742578125 0.4078125 0.0234375 0.1171875
0 0.93203125 0.4046875 0.03515625 0.1734375
0 0.959765625 0.39765625 0.031640625 0.15625
0 0.945703125 0.41171875 0.0359375 0.17890625
0 0.320703125 0.41484375 0.00546875 0.0265625
0 0.789453125 0.39296875 0.015625 0.07734375
0 0.350390625 0.425 0.026953125 0.1328125
0 0.25703125 0.415625 0.0046875 0.0265625
0 0.2796875 0.4234375 0.012109375 0.05390625
0 0.47421875 0.4109375 0.01015625 0.0484375