0 0.440625 0.38125 0.003125 0.0171875
0 0.44921875 0.38828125 0.0078125 0.03828125
0 0.3265625 0.409375 0.007421875 0.03828125
0 0.38984375 0.4125 0.008203125 0.0421875
0 0.38359375 0.40625 0.01015625 0.05078125
0 0.130078125 0.36015625 0.01328125 0.06640625
0 0.06953125 0.38203125 0.01875 0.09375
0 0.253125 0.40390625 0.01328125 0.0671875
0 0.553515625 0.384375 0.003515625 0.01875
0 0.68125 0.4 0.01171875 0.0578125
0 0.771484375 0.4203125 0.021484375 0.1046875
0 0.866796875 0.41015625 0.025 0.1234375
0 0.848046875 0.415625 0.023828125 0.11796875
0 0.351171875 0.42578125 0.021875 0.1078125
0 0.28828125 0.428125 0.02421875 0.1203125
0 0.6546875 0.4109375 0.016015625 0.08125
0 0.15 0.43046875 0.02421875 0.1203125
0 0.419921875 0.390625 0.04765625 0.046875
0 0.49375 0.39375 0.000390625 0.00390625
0 0.49765625 0.37578125 0.0046875 0.00625
0 0.509375 0.3890625 0.012109375 0.03515625
0 0.579296875 0.38046875 0.023828125 0.0265625
0 0.608984375 0.3859375 0.01328125 0.03203125
0 0.62265625 0.38515625 0.005859375 0.03203125
0 0.6390625 0.39609375 0.023828125 0.04765625