0 0.1421875 0.49765625 0.01171875 0.059375
0 0.153125 0.4953125 0.01328125 0.0640625
0 0.266015625 0.51171875 0.00859375 0.0453125
0 0.12578125 0.4859375 0.029296875 0.1421875
0 0.2203125 0.4953125 0.02890625 0.14140625
0 0.484375 0.4859375 0.015625 0.0765625
0 0.46953125 0.4890625 0.028125 0.140625
0 0.63984375 0.4890625 0.015234375 0.075
0 0.671875 0.4953125 0.0265625 0.12890625
0 0.8234375 0.47265625 0.00703125 0.0328125
0 0.83046875 0.47421875 0.007421875 0.0359375
0 0.90546875 0.47734375 0.01015625 0.05078125
0 0.940625 0.4765625 0.009375 0.0453125
0 0.91640625 0.48359375 0.01640625 0.08125
0 0.896484375 0.48359375 0.01484375 0.07421875
0 0.866796875 0.4890625 0.019140625 0.09453125
0 0.88046875 0.48515625 0.019921875 0.1
0 0.5921875 0.4671875 0.041015625 0.20234375