0 0.449609375 0.47421875 0.0125 0.06328125
0 0.440625 0.478125 0.01171875 0.0578125
0 0.41171875 0.465625 0.0203125 0.1015625
0 0.153515625 0.4546875 0.042578125 0.2078125
0 0.5015625 0.44296875 0.0046875 0.02421875
0 0.50703125 0.44296875 0.00546875 0.0265625
0 0.511328125 0.44453125 0.0046875 0.025
0 0.55546875 0.47265625 0.013671875 0.06875
0 0.63359375 0.45078125 0.0328125 0.1609375
0 0.675390625 0.4515625 0.03046875 0.14921875
0 0.472265625 0.47578125 0.009765625 0.04609375
0 0.27578125 0.459375 0.050390625 0.2453125