0 0.7171875 0.4671875 0.009765625 0.0484375
0 0.898828125 0.48125 0.0171875 0.08515625
0 0.7390625 0.5078125 0.0609375 0.2984375
0 0.7640625 0.5015625 0.070703125 0.34765625
0 0.808984375 0.5171875 0.078515625 0.3828125
0 0.473046875 0.44765625 0.00859375 0.04375
0 0.446875 0.4671875 0.015234375 0.075
0 0.43671875 0.46171875 0.013671875 0.0703125
0 0.426171875 0.4640625 0.015234375 0.07734375
0 0.4515625 0.4640625 0.01640625 0.0828125
0 0.43828125 0.46484375 0.015234375 0.078125
0 0.3453125 0.45703125 0.01328125 0.06640625
0 0.342578125 0.45859375 0.01796875 0.0890625
0 0.4 0.4640625 0.0265625 0.12890625
0 0.394921875 0.4671875 0.025390625 0.12421875
0 0.28984375 0.45078125 0.013671875 0.06953125
0 0.304296875 0.44375 0.01328125 0.06640625
0 0.23828125 0.43671875 0.009765625 0.0484375