0 0.71015625 0.453125 0.023828125 0.11875
0 0.73203125 0.44765625 0.03125 0.15546875
0 0.751953125 0.4703125 0.0421875 0.20625
0 0.93125 0.48359375 0.0515625 0.25390625
0 0.89375 0.46484375 0.0609375 0.296875
0 0.414453125 0.43203125 0.019921875 0.0984375
0 0.269140625 0.425 0.02578125 0.128125
0 0.27578125 0.42890625 0.02578125 0.128125
0 0.25078125 0.421875 0.025390625 0.125
0 0.116796875 0.4015625 0.03125 0.1546875
0 0.0890625 0.3953125 0.031640625 0.15625
0 0.041796875 0.3875 0.03359375 0.165625
0 0.0640625 0.3953125 0.03125 0.15546875
0 0.052734375 0.39765625 0.033203125 0.1625
0 0.1203125 0.4109375 0.02890625 0.14140625
0 0.097265625 0.403125 0.031640625 0.15625
0 0.1796875 0.434375 0.041015625 0.20234375
0 0.216015625 0.44765625 0.038671875 0.190625
0 0.13203125 0.4421875 0.055078125 0.2703125
0 0.394921875 0.428125 0.021484375 0.103125
0 0.37578125 0.42109375 0.023828125 0.11875
0 0.34140625 0.4140625 0.02578125 0.12890625
0 0.3265625 0.41328125 0.02421875 0.121875
0 0.315625 0.4234375 0.023046875 0.1125
0 0.29921875 0.43125 0.025 0.1234375
0 0.3125 0.4296875 0.025390625 0.1265625
0 0.360546875 0.43125 0.034765625 0.1703125
0 0.32734375 0.44140625 0.03125 0.15234375
0 0.60390625 0.45703125 0.01640625 0.08203125