0 0.401953125 0.3953125 0.009765625 0.04765625
0 0.491796875 0.4015625 0.00390625 0.021875
0 0.4875 0.3921875 0.0078125 0.0390625
0 0.26484375 0.4328125 0.016015625 0.078125
0 0.121484375 0.4390625 0.04140625 0.20390625
0 0.601953125 0.39921875 0.0109375 0.053125
0 0.5953125 0.4015625 0.011328125 0.0546875
0 0.709765625 0.41875 0.034765625 0.17109375
0 0.7796875 0.42109375 0.030859375 0.153125
0 0.437890625 0.4 0.009375 0.0453125
0 0.569140625 0.40546875 0.016015625 0.07890625
0 0.604296875 0.40390625 0.01015625 0.05
0 0.4296875 0.4015625 0.03515625 0.0609375
0 0.437109375 0.4265625 0.011328125 0.009375
0 0.470703125 0.3984375 0.02265625 0.0453125
0 0.504296875 0.39609375 0.009765625 0.03828125
0 0.534375 0.39609375 0.009375 0.03203125