0 0.59296875 0.421875 0.004296875 0.021875
0 0.608203125 0.42421875 0.00625 0.03203125
0 0.773828125 0.42890625 0.01171875 0.0578125
0 0.23671875 0.44375 0.02109375 0.10234375
0 0.194921875 0.45234375 0.01953125 0.096875
0 0.133984375 0.45078125 0.023046875 0.1140625
0 0.10859375 0.45078125 0.023828125 0.11640625
0 0.31015625 0.44609375 0.02109375 0.103125
0 0.904296875 0.428125 0.0109375 0.053125
0 0.166015625 0.425 0.033203125 0.0671875
0 0.633203125 0.4203125 0.009375 0.02734375
0 0.6546875 0.42109375 0.00546875 0.02734375
0 0.667578125 0.41875 0.01640625 0.0296875