0 0.39140625 0.4390625 0.00859375 0.04375
0 0.4125 0.42890625 0.011328125 0.0546875
0 0.405859375 0.4328125 0.0109375 0.0546875
0 0.575390625 0.428125 0.01015625 0.05078125
0 0.581640625 0.4234375 0.01171875 0.059375
0 0.596484375 0.409375 0.023828125 0.1171875
0 0.625 0.41328125 0.021484375 0.10859375
0 0.680859375 0.4125 0.02890625 0.1421875
0 0.675390625 0.4125 0.03203125 0.15703125
0 0.776953125 0.40390625 0.056640625 0.278125
0 0.04296875 0.44375 0.02734375 0.1359375
0 0.05703125 0.4453125 0.027734375 0.13671875
0 0.46953125 0.425 0.0140625 0.0703125
0 0.589453125 0.4265625 0.01015625 0.0515625
0 0.026953125 0.446875 0.02578125 0.0625
0 0.0984375 0.47734375 0.00859375 0.02734375
0 0.12109375 0.45 0.03046875 0.0625