0 0.599609375 0.45390625 0.0125 0.06171875
0 0.59296875 0.453125 0.0140625 0.071875
0 0.58203125 0.45625 0.015625 0.07890625
0 0.559765625 0.4421875 0.021875 0.1078125
0 0.510546875 0.4484375 0.019921875 0.0984375
0 0.4671875 0.4453125 0.0265625 0.12890625
0 0.36171875 0.43828125 0.0390625 0.1921875
0 0.333203125 0.4328125 0.03671875 0.18046875
0 0.3234375 0.434375 0.039453125 0.19453125
0 0.3140625 0.42265625 0.04453125 0.21875
0 0.685546875 0.42578125 0.03515625 0.1734375
0 0.571875 0.4546875 0.013671875 0.0734375