0 0.007421875 0.46171875 0.01484375 0.1203125
0 0.157421875 0.459375 0.038671875 0.19140625
0 0.4796875 0.44921875 0.021875 0.109375
0 0.4875 0.45625 0.019140625 0.09375
0 0.88203125 0.43203125 0.01015625 0.0515625
0 0.88984375 0.434375 0.00859375 0.0421875
0 0.990625 0.42890625 0.00703125 0.0328125
0 0.955078125 0.434375 0.0625 0.30625
0 0.940625 0.4515625 0.0578125 0.28125
0 0.58515625 0.47734375 0.0671875 0.32890625
0 0.665234375 0.4953125 0.078515625 0.38671875
0 0.98203125 0.428125 0.00703125 0.0265625