0 0.167578125 0.42109375 0.01796875 0.090625
0 0.1859375 0.41953125 0.021484375 0.10625
0 0.211328125 0.42109375 0.0203125 0.10234375
0 0.219140625 0.41640625 0.023046875 0.1125
0 0.25078125 0.43125 0.046875 0.23046875
0 0.2765625 0.415625 0.01875 0.0921875
0 0.288671875 0.41875 0.0171875 0.08515625
0 0.3046875 0.43984375 0.0390625 0.190625
0 0.4984375 0.43515625 0.03046875 0.14921875
0 0.475 0.428125 0.039453125 0.19453125
0 0.51015625 0.4109375 0.04140625 0.20390625
0 0.50703125 0.4515625 0.03046875 0.1484375
0 0.53125 0.4359375 0.04375 0.2171875
0 0.570703125 0.43046875 0.0453125 0.221875
0 0.96015625 0.478125 0.077734375 0.68828125