0 0.45078125 0.42265625 0.00546875 0.02734375
0 0.43125 0.4203125 0.00703125 0.034375
0 0.30078125 0.43515625 0.0109375 0.05390625
0 0.2046875 0.44296875 0.015625 0.07734375
0 0.5453125 0.4203125 0.005859375 0.028125
0 0.62421875 0.41484375 0.01015625 0.05
0 0.653515625 0.41875 0.016015625 0.07890625
0 0.673046875 0.41484375 0.016015625 0.0796875
0 0.70859375 0.42265625 0.019140625 0.09453125
0 0.8390625 0.43125 0.0265625 0.12890625
0 0.8984375 0.42890625 0.05 0.24375
0 0.933984375 0.45625 0.05546875 0.27265625
0 0.45859375 0.41640625 0.008203125 0.01875
0 0.465625 0.41640625 0.0015625 0.01875
0 0.546484375 0.40703125 0.00625 0.0125