0 0.077734375 0.44375 0.011328125 0.05625
0 0.10078125 0.440625 0.0109375 0.05390625
0 0.0921875 0.4515625 0.013671875 0.0671875
0 0.2234375 0.4671875 0.0234375 0.11796875
0 0.21015625 0.46953125 0.02421875 0.11875
0 0.087109375 0.45 0.01328125 0.065625
0 0.081640625 0.4484375 0.012109375 0.0609375
0 0.06875 0.45390625 0.01640625 0.0828125
0 0.02890625 0.45234375 0.01640625 0.08203125
0 0.0375 0.4578125 0.015625 0.07890625
0 0.012109375 0.4484375 0.01875 0.09296875
0 0.510546875 0.4640625 0.023046875 0.1109375
0 0.5484375 0.46015625 0.023046875 0.1140625
0 0.57265625 0.4625 0.023828125 0.11875
0 0.59296875 0.465625 0.017578125 0.08671875