0 0.64765625 0.39375 0.00625 0.03046875
0 0.658984375 0.3953125 0.007421875 0.0375
0 0.66328125 0.403125 0.0171875 0.08515625
0 0.6375 0.403125 0.0171875 0.08515625
0 0.62734375 0.403125 0.015625 0.07890625
0 0.632421875 0.4078125 0.02265625 0.11015625
0 0.5953125 0.403125 0.0140625 0.06953125
0 0.584375 0.4046875 0.0171875 0.084375
0 0.56796875 0.3984375 0.01484375 0.07421875
0 0.411328125 0.42109375 0.034765625 0.17265625
0 0.43515625 0.43828125 0.041015625 0.2015625
0 0.45859375 0.48125 0.09609375 0.47265625
0 0.5578125 0.5671875 0.072265625 0.3546875
0 0.35234375 0.415625 0.037109375 0.184375
0 0.288671875 0.4203125 0.03828125 0.1875