0 0.2171875 0.50625 0.00625 0.0328125
0 0.209765625 0.51171875 0.008203125 0.040625
0 0.6078125 0.5234375 0.04140625 0.2046875
0 0.43828125 0.5296875 0.04453125 0.21875
0 0.498046875 0.5328125 0.041015625 0.20234375
0 0.4875 0.5234375 0.047265625 0.2328125
0 0.584375 0.5203125 0.0453125 0.2234375
0 0.557421875 0.5328125 0.0453125 0.22265625
0 0.5484375 0.53203125 0.0484375 0.2359375
0 0.6203125 0.5359375 0.05 0.24296875
0 0.721875 0.53828125 0.04609375 0.2234375
0 0.6984375 0.5328125 0.04765625 0.2359375
0 0.771875 0.53125 0.05546875 0.271875
0 0.737890625 0.53203125 0.062890625 0.3078125
0 0.847265625 0.53046875 0.050390625 0.24609375
0 0.81171875 0.52421875 0.05859375 0.2859375
0 0.8921875 0.5359375 0.06015625 0.29296875
0 0.978515625 0.50859375 0.041015625 0.31328125
0 0.95234375 0.51640625 0.06328125 0.3125
0 0.927734375 0.52265625 0.064453125 0.3140625
0 0.2484375 0.50390625 0.00625 0.0328125
0 0.2234375 0.50625 0.00390625 0.03203125
0 0.230859375 0.509375 0.00625 0.025