0 0.353515625 0.446875 0.028125 0.1390625
0 0.4 0.4390625 0.023828125 0.11875
0 0.4078125 0.4546875 0.025 0.125
0 0.476171875 0.45 0.019921875 0.0984375
0 0.48046875 0.45078125 0.0203125 0.10078125
0 0.523828125 0.45234375 0.019921875 0.1
0 0.6125 0.43125 0.0171875 0.084375
0 0.594140625 0.43984375 0.01796875 0.090625
0 0.675390625 0.43671875 0.009375 0.04609375
0 0.708203125 0.43359375 0.011328125 0.05625
0 0.7234375 0.43828125 0.008203125 0.0421875
0 0.733984375 0.45234375 0.0203125 0.10078125
0 0.7 0.446875 0.021484375 0.1046875
0 0.837890625 0.43046875 0.0125 0.0625
0 0.858984375 0.4375 0.015234375 0.07421875
0 0.869921875 0.4421875 0.01328125 0.065625
0 0.877734375 0.4359375 0.012109375 0.06171875
0 0.88359375 0.43671875 0.01328125 0.0640625
0 0.901171875 0.46015625 0.02578125 0.1296875
0 0.925390625 0.48046875 0.031640625 0.1546875
0 0.96953125 0.4875 0.0296875 0.146875
0 0.82578125 0.446875 0.019140625 0.09375
0 0.8125 0.4484375 0.01953125 0.0953125
0 0.78984375 0.44375 0.023046875 0.115625
0 0.8046875 0.446875 0.021484375 0.10546875