0 0.666015625 0.41015625 0.0078125 0.0390625
0 0.66875 0.41015625 0.008203125 0.040625
0 0.678125 0.409375 0.008203125 0.03984375
0 0.675390625 0.4109375 0.00859375 0.04375
0 0.6828125 0.41328125 0.009765625 0.0484375
0 0.6609375 0.40859375 0.015234375 0.0734375
0 0.65 0.4078125 0.030859375 0.153125
0 0.62265625 0.40625 0.013671875 0.06875
0 0.619921875 0.4109375 0.012109375 0.0625
0 0.60703125 0.4109375 0.0125 0.065625
0 0.5953125 0.4125 0.027734375 0.1390625
0 0.590234375 0.40859375 0.03203125 0.159375
0 0.530078125 0.40703125 0.019921875 0.10078125
0 0.521484375 0.409375 0.021484375 0.1078125
0 0.508203125 0.4109375 0.033203125 0.16328125
0 0.425390625 0.4171875 0.030859375 0.1515625
0 0.54453125 0.40546875 0.031640625 0.15703125
0 0.5578125 0.4078125 0.03359375 0.165625
0 0.417578125 0.4265625 0.029296875 0.14453125
0 0.082421875 0.40546875 0.026953125 0.13359375
0 0.7171875 0.4015625 0.034375 0.1671875
0 0.9 0.4078125 0.026953125 0.1328125
0 0.905078125 0.4109375 0.027734375 0.13671875
0 0.943359375 0.4078125 0.02734375 0.13359375
0 0.03359375 0.48984375 0.066796875 0.44453125
0 0.033984375 0.49140625 0.06796875 0.665625
0 0.358984375 0.521875 0.11328125 0.5546875
0 0.634375 0.40625 0.012109375 0.0609375
0 0.984765625 0.39375 0.02890625 0.153125