0 0.73984375 0.396875 0.005859375 0.028125
0 0.75 0.39921875 0.0046875 0.0265625
0 0.441015625 0.3828125 0.008203125 0.040625
0 0.544140625 0.39765625 0.01328125 0.0640625
0 0.53515625 0.396875 0.013671875 0.0671875
0 0.56328125 0.39609375 0.013671875 0.06953125
0 0.63515625 0.39765625 0.011328125 0.05546875
0 0.628125 0.3984375 0.011328125 0.05625
0 0.71015625 0.39609375 0.01015625 0.0515625
0 0.87890625 0.41484375 0.0203125 0.1015625
0 0.960546875 0.48671875 0.07734375 0.5359375
0 0.1375 0.3953125 0.017578125 0.0859375
0 0.7640625 0.39609375 0.021484375 0.03984375