0 0.81328125 0.4140625 0.01484375 0.071875
0 0.7953125 0.41171875 0.013671875 0.06953125
0 0.71171875 0.40703125 0.025390625 0.125
0 0.70546875 0.4125 0.0296875 0.14765625
0 0.609765625 0.4125 0.009765625 0.05078125
0 0.604296875 0.4125 0.01015625 0.053125
0 0.085546875 0.4234375 0.026953125 0.13125
0 0.48359375 0.43359375 0.025390625 0.125
0 0.47421875 0.43125 0.0265625 0.13203125
0 0.323828125 0.4296875 0.035546875 0.17578125
0 0.27890625 0.425 0.042578125 0.209375
0 0.048046875 0.39765625 0.027734375 0.1375