0 0.28828125 0.4546875 0.016015625 0.07890625
0 0.281640625 0.46484375 0.017578125 0.0875
0 0.26953125 0.46640625 0.01953125 0.096875
0 0.260546875 0.47265625 0.021875 0.1078125
0 0.25390625 0.46171875 0.0265625 0.1296875
0 0.24140625 0.47265625 0.019921875 0.09765625
0 0.23515625 0.46953125 0.023046875 0.11328125
0 0.228125 0.46171875 0.02734375 0.13359375
0 0.211328125 0.47421875 0.0203125 0.10078125
0 0.221875 0.4671875 0.026953125 0.13203125
0 0.198828125 0.465625 0.02421875 0.11875
0 0.168359375 0.465625 0.0265625 0.13125
0 0.1421875 0.4640625 0.026953125 0.13125
0 0.11953125 0.4703125 0.023828125 0.11640625
0 0.038671875 0.47265625 0.03125 0.15234375
0 0.551171875 0.4640625 0.02265625 0.11015625
0 0.553515625 0.471875 0.019921875 0.0984375
0 0.79609375 0.4546875 0.01875 0.0921875
0 0.79375 0.45390625 0.019921875 0.0984375
0 0.81484375 0.459375 0.01796875 0.08984375
0 0.8125 0.45390625 0.0203125 0.1015625
0 0.878515625 0.44453125 0.023046875 0.115625
0 0.9 0.446875 0.021484375 0.1078125
0 0.4 0.465625 0.0078125 0.0140625
0 0.86953125 0.42109375 0.008203125 0.0375
0 0.86875 0.471875 0.00625 0.05390625
0 0.8890625 0.475 0.013671875 0.0515625
0 0.906640625 0.46953125 0.00703125 0.03203125