0 0.5453125 0.3953125 0.0140625 0.07109375
0 0.51640625 0.3953125 0.008203125 0.03984375
0 0.508984375 0.39609375 0.01015625 0.0515625
0 0.526171875 0.39765625 0.00625 0.03203125
0 0.512109375 0.396875 0.0109375 0.0546875
0 0.556640625 0.39140625 0.0265625 0.12890625
0 0.538671875 0.403125 0.0234375 0.115625
0 0.433203125 0.3890625 0.01484375 0.0734375
0 0.453125 0.4 0.025390625 0.12421875
0 0.39140625 0.4109375 0.0234375 0.11640625
0 0.335546875 0.3875 0.01953125 0.09765625
0 0.35 0.403125 0.0421875 0.2046875
0 0.48515625 0.39375 0.011328125 0.0578125
0 0.49375 0.39453125 0.011328125 0.05625
0 0.5203125 0.39765625 0.00859375 0.0453125
0 0.526953125 0.403125 0.005859375 0.0296875