0 0.625 0.409375 0.034375 0.1703125
0 0.64765625 0.409375 0.034765625 0.17109375
0 0.4953125 0.39765625 0.008203125 0.0421875
0 0.5140625 0.39765625 0.013671875 0.0671875
0 0.505859375 0.39765625 0.015625 0.078125
0 0.48515625 0.4 0.015234375 0.0765625
0 0.521875 0.39375 0.01640625 0.08125
0 0.533984375 0.39765625 0.01796875 0.0890625
0 0.551171875 0.39921875 0.01953125 0.09765625
0 0.46328125 0.396875 0.01015625 0.053125
0 0.41640625 0.3921875 0.009765625 0.05
0 0.41484375 0.39765625 0.01171875 0.059375
0 0.40703125 0.396875 0.0125 0.06328125
0 0.398046875 0.39765625 0.0125 0.0625
0 0.348828125 0.40859375 0.015234375 0.075
0 0.393359375 0.39921875 0.012109375 0.06171875
0 0.358984375 0.39921875 0.02265625 0.1109375
0 0.38359375 0.3984375 0.0234375 0.1171875
0 0.371484375 0.409375 0.0328125 0.16015625
0 0.33359375 0.4046875 0.0296875 0.146875
0 0.312890625 0.39609375 0.033203125 0.16328125
0 0.3265625 0.39921875 0.03359375 0.1671875