0 0.240234375 0.37109375 0.005859375 0.0296875
0 0.262109375 0.36953125 0.00703125 0.034375
0 0.26875 0.37421875 0.005859375 0.0296875
0 0.278125 0.371875 0.00703125 0.034375
0 0.218359375 0.3765625 0.0140625 0.071875
0 0.196875 0.38125 0.012109375 0.06171875
0 0.19921875 0.38125 0.0125 0.0640625
0 0.20390625 0.38046875 0.015234375 0.07734375
0 0.06796875 0.4125 0.02578125 0.128125
0 0.4625 0.37265625 0.007421875 0.0359375
0 0.458203125 0.3703125 0.008203125 0.0421875
0 0.565625 0.39921875 0.01953125 0.096875
0 0.5875 0.3953125 0.021484375 0.10625
0 0.57890625 0.39921875 0.021875 0.1078125
0 0.2484375 0.37421875 0.01015625 0.0296875
0 0.27421875 0.3765625 0.0046875 0.028125