0 0.6625 0.42890625 0.01953125 0.0984375
0 0.646875 0.42890625 0.019921875 0.0984375
0 0.63046875 0.43125 0.008203125 0.040625
0 0.60234375 0.434375 0.0078125 0.040625
0 0.597265625 0.43828125 0.009765625 0.04765625
0 0.58359375 0.43671875 0.01015625 0.053125
0 0.558203125 0.43984375 0.009375 0.04765625
0 0.51328125 0.4390625 0.009765625 0.05
0 0.55 0.4390625 0.009765625 0.04765625
0 0.53671875 0.43828125 0.021484375 0.1078125
0 0.534765625 0.4359375 0.02578125 0.12890625
0 0.609375 0.428125 0.037109375 0.18359375
0 0.7125 0.41015625 0.043359375 0.2125
0 0.690625 0.42265625 0.05390625 0.265625
0 0.93671875 0.38828125 0.034375 0.16875
0 0.983984375 0.40546875 0.03046875 0.17890625
0 0.8296875 0.42265625 0.04609375 0.225
0 0.814453125 0.42421875 0.05078125 0.24921875
0 0.8765625 0.42109375 0.06015625 0.29375
0 0.874609375 0.4359375 0.05625 0.27421875
0 0.459375 0.4421875 0.011328125 0.05546875
0 0.42890625 0.44609375 0.01328125 0.0671875
0 0.415234375 0.4453125 0.027734375 0.1390625
0 0.38671875 0.45 0.028125 0.140625
0 0.24375 0.45234375 0.0203125 0.1015625
0 0.172265625 0.471875 0.0265625 0.1296875
0 0.19375 0.44453125 0.03828125 0.18671875
0 0.012890625 0.4578125 0.025 0.121875
0 0.019140625 0.45625 0.0296875 0.146875
0 0.055859375 0.475 0.019140625 0.09453125
0 0.045703125 0.47265625 0.02109375 0.103125
0 0.079296875 0.45 0.030859375 0.15234375
0 0.261328125 0.45 0.03359375 0.1640625
0 0.3015625 0.44921875 0.0328125 0.16015625
0 0.482421875 0.434375 0.0109375 0.01953125
0 0.59140625 0.4359375 0.011328125 0.046875
0 0.58828125 0.44765625 0.00078125 0.01640625
0 0.66328125 0.4421875 0.01328125 0.0828125