0 0.494921875 0.4234375 0.008203125 0.0421875
0 0.488671875 0.42109375 0.009375 0.046875
0 0.465625 0.409375 0.015234375 0.075
0 0.4484375 0.43359375 0.0046875 0.025
0 0.453515625 0.43203125 0.00546875 0.028125
0 0.44453125 0.43046875 0.00703125 0.03515625
0 0.437890625 0.434375 0.0046875 0.0265625
0 0.4109375 0.4171875 0.013671875 0.06953125
0 0.405078125 0.4171875 0.0140625 0.071875
0 0.418359375 0.415625 0.01171875 0.0578125
0 0.402734375 0.415625 0.016015625 0.0796875
0 0.378125 0.421875 0.0140625 0.0703125
0 0.367578125 0.4265625 0.011328125 0.05546875
0 0.356640625 0.428125 0.01015625 0.053125
0 0.34921875 0.42109375 0.013671875 0.0671875
0 0.340625 0.43125 0.009375 0.046875
0 0.3234375 0.4234375 0.0125 0.0640625
0 0.31171875 0.41875 0.015234375 0.075
0 0.187109375 0.4125 0.01015625 0.053125
0 0.12421875 0.415625 0.007421875 0.0375
0 0.14609375 0.415625 0.0125 0.0625
0 0.57109375 0.40546875 0.01328125 0.065625
0 0.623046875 0.4046875 0.013671875 0.06875
0 0.622265625 0.40859375 0.01328125 0.065625
0 0.605859375 0.403125 0.015625 0.078125
0 0.604296875 0.42265625 0.0140625 0.0703125
0 0.59921875 0.4125 0.019921875 0.0984375
0 0.612890625 0.4125 0.017578125 0.08515625
0 0.6421875 0.4125 0.01953125 0.09453125
0 0.63359375 0.41484375 0.019921875 0.1
0 0.65 0.4109375 0.02109375 0.1046875
0 0.701953125 0.40390625 0.015234375 0.075
0 0.690234375 0.403125 0.0171875 0.084375
0 0.69765625 0.4046875 0.0171875 0.08515625
0 0.775390625 0.43125 0.0390625 0.19375
0 0.97265625 0.45546875 0.052734375 0.35078125
0 0.81875 0.43984375 0.04609375 0.22734375
0 0.803125 0.4359375 0.0546875 0.26875
0 0.88984375 0.434375 0.04921875 0.24140625
0 0.91640625 0.44453125 0.0828125 0.40625
0 0.957421875 0.446875 0.0828125 0.44375
0 0.334765625 0.43203125 0.009375 0.04765625
0 0.390625 0.415625 0.02265625 0.109375
0 0.428515625 0.41796875 0.023046875 0.11328125
0 0.45859375 0.43125 0.0078125 0.0328125
0 0.5828125 0.4015625 0.01328125 0.0421875
0 0.708984375 0.4015625 0.013671875 0.09296875