0 0.284765625 0.3578125 0.01953125 0.0984375
0 0.259375 0.3671875 0.030859375 0.15
0 0.327734375 0.36875 0.0171875 0.0828125
0 0.341015625 0.36171875 0.0140625 0.07109375
0 0.323046875 0.3609375 0.019921875 0.09765625
0 0.363671875 0.36484375 0.0171875 0.08515625
0 0.346875 0.3890625 0.027734375 0.1390625
0 0.58671875 0.3734375 0.019921875 0.1
0 0.628515625 0.3921875 0.031640625 0.15703125
0 0.734765625 0.4 0.037109375 0.18125
0 0.164453125 0.33125 0.0140625 0.06953125
0 0.36875 0.353125 0.011328125 0.05625
0 0.38828125 0.353125 0.0125 0.06328125