0 0.10078125 0.4109375 0.03515625 0.175
0 0.14609375 0.4078125 0.03359375 0.16484375
0 0.01875 0.42265625 0.037109375 0.1859375
0 0.54296875 0.4109375 0.005859375 0.028125
0 0.2140625 0.41328125 0.034375 0.1703125
0 0.39609375 0.4171875 0.013671875 0.0671875
0 0.384375 0.41484375 0.015234375 0.07421875
0 0.34765625 0.4125 0.01953125 0.096875
0 0.45078125 0.4109375 0.007421875 0.0359375
0 0.5515625 0.4109375 0.00703125 0.0359375
0 0.556640625 0.40546875 0.00859375 0.04296875
0 0.560546875 0.409375 0.0109375 0.0546875
0 0.573046875 0.40703125 0.012109375 0.059375
0 0.58515625 0.4078125 0.01484375 0.0703125
0 0.60703125 0.409375 0.034765625 0.1703125
0 0.6296875 0.41953125 0.017578125 0.08671875
0 0.64296875 0.40390625 0.0234375 0.11640625
0 0.684375 0.41328125 0.028125 0.1390625
0 0.730859375 0.4015625 0.0265625 0.13125
0 0.720703125 0.40546875 0.025390625 0.1265625
0 0.712109375 0.4078125 0.02890625 0.1421875
0 0.753515625 0.415625 0.01875 0.09296875
0 0.5796875 0.4109375 0.00703125 0.05390625
0 0.593359375 0.425 0.00234375 0.0328125
0 0.60078125 0.43046875 0.003515625 0.02734375