0 0.197265625 0.375 0.01640625 0.08203125
0 0.2796875 0.40234375 0.03046875 0.146875
0 0.2734375 0.403125 0.03828125 0.18671875
0 0.24609375 0.41015625 0.034375 0.16796875
0 0.301171875 0.3921875 0.034765625 0.1703125
0 0.308984375 0.40703125 0.03203125 0.1578125
0 0.331640625 0.39375 0.03046875 0.15
0 0.341015625 0.40546875 0.030859375 0.15
0 0.368359375 0.40546875 0.031640625 0.15546875
0 0.55234375 0.403125 0.00859375 0.0453125
0 0.555078125 0.40859375 0.01015625 0.0515625
0 0.5609375 0.403125 0.0125 0.065625
0 0.5828125 0.415625 0.042578125 0.2109375
0 0.614453125 0.4140625 0.035546875 0.17578125
0 0.621484375 0.428125 0.0421875 0.2046875
0 0.41875 0.41640625 0.0453125 0.2234375
0 0.38203125 0.425 0.046484375 0.2296875
0 0.46015625 0.4171875 0.05234375 0.2578125
0 0.1375 0.35234375 0.009375 0.04609375
0 0.1484375 0.3703125 0.01171875 0.05625
0 0.1703125 0.38203125 0.01953125 0.096875
0 0.15390625 0.37578125 0.0171875 0.0828125
0 0.130859375 0.38359375 0.01640625 0.08125
0 0.18984375 0.38203125 0.01953125 0.096875
0 0.212890625 0.4140625 0.0421875 0.2046875
0 0.037109375 0.409375 0.03828125 0.1875
0 0.018359375 0.40625 0.03671875 0.19921875
0 0.73046875 0.4078125 0.041015625 0.2015625
0 0.71171875 0.4265625 0.040625 0.19921875
0 0.79609375 0.40859375 0.0421875 0.20625
0 0.77578125 0.4125 0.04140625 0.203125
0 0.78125 0.41875 0.041015625 0.20234375
0 0.835546875 0.40703125 0.044921875 0.21953125
0 0.89296875 0.3859375 0.04453125 0.21796875
0 0.91796875 0.40078125 0.03515625 0.17265625
0 0.879296875 0.41484375 0.062890625 0.30859375
0 0.90390625 0.465625 0.046484375 0.2265625
0 0.856640625 0.428125 0.06484375 0.3171875
0 0.976171875 0.4421875 0.04609375 0.2734375
0 0.0921875 0.4421875 0.089453125 0.43671875