0 0.513671875 0.40625 0.0078125 0.0390625
0 0.46328125 0.40625 0.0078125 0.0390625
0 0.497265625 0.4078125 0.008203125 0.040625
0 0.52109375 0.40703125 0.005859375 0.03046875
0 0.5390625 0.40859375 0.009765625 0.04765625
0 0.565625 0.41484375 0.009765625 0.05
0 0.5453125 0.41015625 0.011328125 0.05859375
0 0.558203125 0.41015625 0.01328125 0.06640625
0 0.5703125 0.4109375 0.01171875 0.05859375
0 0.57421875 0.4109375 0.013671875 0.0671875
0 0.6234375 0.4078125 0.017578125 0.0875
0 0.63125 0.41328125 0.021484375 0.1046875
0 0.641015625 0.41015625 0.025 0.12109375
0 0.65390625 0.40703125 0.02734375 0.134375
0 0.706640625 0.4078125 0.028125 0.13984375
0 0.687109375 0.425 0.02734375 0.1359375
0 0.80546875 0.409375 0.027734375 0.1375
0 0.7671875 0.409375 0.025390625 0.1265625
0 0.783984375 0.40703125 0.035546875 0.175
0 0.815234375 0.4078125 0.0328125 0.159375
0 0.836328125 0.4078125 0.03125 0.153125
0 0.44296875 0.409375 0.00625 0.03125
0 0.4359375 0.40703125 0.0078125 0.0390625
0 0.42890625 0.40859375 0.00625 0.03203125
0 0.4328125 0.40546875 0.009375 0.04609375
0 0.39609375 0.4078125 0.005859375 0.03046875
0 0.391796875 0.409375 0.00546875 0.028125
0 0.25703125 0.3921875 0.0125 0.06171875
0 0.24140625 0.4078125 0.02734375 0.13359375
0 0.25859375 0.42734375 0.025390625 0.12578125
0 0.22421875 0.409375 0.033203125 0.16328125
0 0.271875 0.4125 0.041015625 0.20234375
0 0.305078125 0.41875 0.040625 0.19921875
0 0.614453125 0.40703125 0.02578125 0.1265625
0 0.594140625 0.41875 0.0265625 0.13203125
0 0.594921875 0.415625 0.02890625 0.1421875
0 0.487890625 0.4078125 0.01015625 0.03984375
0 0.529296875 0.40859375 0.01484375 0.03828125