0 0.04921875 0.39375 0.00625 0.03203125
0 0.054296875 0.39296875 0.007421875 0.034375
0 0.06796875 0.390625 0.008203125 0.04296875
0 0.093359375 0.3953125 0.00859375 0.0453125
0 0.14453125 0.39140625 0.009765625 0.0515625
0 0.252734375 0.3921875 0.007421875 0.0375
0 0.26015625 0.3921875 0.00625 0.03515625
0 0.28046875 0.39375 0.00625 0.03046875
0 0.3609375 0.38359375 0.01015625 0.05078125
0 0.371484375 0.38203125 0.0109375 0.053125
0 0.39140625 0.3828125 0.009765625 0.05078125
0 0.42109375 0.38359375 0.009375 0.046875
0 0.9171875 0.37109375 0.01796875 0.0875
0 0.927734375 0.37265625 0.017578125 0.0890625
0 0.95546875 0.37890625 0.03046875 0.146875
0 0.275390625 0.38828125 0.015625 0.07734375
0 0.2921875 0.3875 0.015625 0.07734375
0 0.168359375 0.4 0.030859375 0.15
0 0.419921875 0.38671875 0.00859375 0.0453125
0 0.29765625 0.3953125 0.000390625 0.0015625
0 0.304296875 0.38359375 0.01171875 0.015625