0 0.6 0.41328125 0.0140625 0.071875
0 0.5671875 0.4078125 0.00703125 0.0359375
0 0.4625 0.4046875 0.01640625 0.08203125
0 0.473046875 0.409375 0.016015625 0.07890625
0 0.453125 0.40703125 0.01640625 0.0828125
0 0.46796875 0.41015625 0.01953125 0.09765625
0 0.48671875 0.4046875 0.02109375 0.10234375
0 0.421484375 0.4109375 0.019140625 0.09296875
0 0.4265625 0.4109375 0.019140625 0.09453125
0 0.439453125 0.41484375 0.0203125 0.1015625
0 0.555859375 0.4078125 0.021875 0.1078125
0 0.732421875 0.428125 0.046875 0.2296875
0 0.689453125 0.4359375 0.03984375 0.19609375
0 0.672265625 0.42265625 0.052734375 0.259375
0 0.634375 0.4390625 0.05234375 0.25703125
0 0.36015625 0.43359375 0.027734375 0.13671875
0 0.317578125 0.43046875 0.0296875 0.14765625
0 0.3 0.434375 0.0296875 0.146875
0 0.2875 0.440625 0.029296875 0.14375
0 0.30078125 0.43203125 0.02734375 0.13359375
0 0.312109375 0.4390625 0.034375 0.1703125
0 0.24609375 0.43359375 0.03984375 0.1953125
0 0.2453125 0.434375 0.06171875 0.3
0 0.109765625 0.43828125 0.048828125 0.24140625
0 0.16484375 0.44140625 0.06015625 0.29296875
0 0.582421875 0.40859375 0.021875 0.1046875