0 0.340234375 0.4421875 0.07265625 0.3578125
0 0.391796875 0.44375 0.066015625 0.3234375
0 0.36171875 0.45390625 0.077734375 0.3796875
0 0.433203125 0.44375 0.06953125 0.33984375
0 0.8 0.425 0.02421875 0.11796875
0 0.7296875 0.4625 0.043359375 0.2125
0 0.9609375 0.41015625 0.0203125 0.1015625
0 0.945703125 0.4171875 0.01796875 0.0875
0 0.92265625 0.4234375 0.0265625 0.13125
0 0.2296875 0.41640625 0.00546875 0.028125
0 0.2234375 0.4078125 0.008203125 0.04375
0 0.481640625 0.45234375 0.06875 0.33515625