0 0.51640625 0.45625 0.00390625 0.0203125
0 0.528125 0.46171875 0.0078125 0.03828125
0 0.531640625 0.4640625 0.007421875 0.0390625
0 0.5359375 0.46640625 0.007421875 0.03828125
0 0.549609375 0.46171875 0.009375 0.04765625
0 0.558203125 0.453125 0.00390625 0.01953125
0 0.562890625 0.4625 0.008203125 0.040625
0 0.555078125 0.4625 0.0078125 0.040625
0 0.452734375 0.465625 0.00859375 0.04375
0 0.346484375 0.47265625 0.007421875 0.0375
0 0.351953125 0.4625 0.011328125 0.05625
0 0.362890625 0.47109375 0.009375 0.04765625
0 0.4140625 0.465625 0.00859375 0.0453125
0 0.6078125 0.4546875 0.016015625 0.0796875
0 0.648046875 0.4515625 0.01796875 0.0875
0 0.68671875 0.45 0.01875 0.09296875
0 0.677734375 0.43828125 0.025390625 0.12421875
0 0.6640625 0.44453125 0.025390625 0.12578125
0 0.701953125 0.44296875 0.02578125 0.12578125
0 0.75703125 0.43984375 0.03203125 0.159375
0 0.7546875 0.4484375 0.03203125 0.159375
0 0.862109375 0.46796875 0.058984375 0.28828125
0 0.830859375 0.47578125 0.05625 0.275
0 0.568359375 0.46015625 0.0046875 0.03515625