0 0.553515625 0.428125 0.011328125 0.05625
0 0.519921875 0.4296875 0.005859375 0.03125
0 0.56953125 0.42265625 0.011328125 0.05625
0 0.56640625 0.425 0.0125 0.0625
0 0.363671875 0.41328125 0.0078125 0.0390625
0 0.385546875 0.4109375 0.008203125 0.040625
0 0.3984375 0.41640625 0.00703125 0.0359375
0 0.45 0.4171875 0.009765625 0.05078125
0 0.780078125 0.4421875 0.027734375 0.1390625
0 0.120703125 0.4203125 0.06171875 0.303125
0 0.06796875 0.43125 0.05546875 0.2734375
0 0.107421875 0.48671875 0.08671875 0.425
0 0.222265625 0.43984375 0.0578125 0.28203125
0 0.24765625 0.4375 0.066796875 0.328125
0 0.176953125 0.4546875 0.0640625 0.3125
0 0.0890625 0.49140625 0.12265625 0.5984375