0 0.61015625 0.340625 0.009375 0.0453125
0 0.34453125 0.3578125 0.011328125 0.05546875
0 0.30546875 0.37421875 0.016015625 0.07890625
0 0.36875 0.3609375 0.009375 0.04609375
0 0.3375 0.3609375 0.0109375 0.05390625
0 0.29453125 0.371875 0.0140625 0.07109375
0 0.284375 0.37890625 0.01484375 0.071875
0 0.101953125 0.43203125 0.041015625 0.20234375
0 0.009375 0.42734375 0.01875 0.1796875
0 0.05234375 0.425 0.0421875 0.2078125
0 0.087890625 0.4359375 0.044921875 0.21953125
0 0.176953125 0.46953125 0.05703125 0.28046875
0 0.23671875 0.45546875 0.06953125 0.340625
0 0.575390625 0.33515625 0.00625 0.034375
0 0.563671875 0.3390625 0.00546875 0.0296875
0 0.587109375 0.35859375 0.0140625 0.0703125
0 0.605078125 0.3453125 0.009375 0.04609375
0 0.6109375 0.35625 0.00859375 0.04296875
0 0.60078125 0.3609375 0.01640625 0.08125
0 0.62109375 0.35390625 0.0125 0.06328125
0 0.62734375 0.36015625 0.01484375 0.071875
0 0.630859375 0.36328125 0.01640625 0.084375
0 0.76953125 0.3875 0.03046875 0.15
0 0.59375 0.37578125 0.0234375 0.115625
0 0.543359375 0.33125 0.003515625 0.0171875
0 0.457421875 0.3328125 0.027734375 0.025
0 0.56328125 0.33828125 0.02109375 0.03203125
0 0.564453125 0.35078125 0.00078125 0.00703125