0 0.780859375 0.409375 0.01328125 0.0671875
0 0.98828125 0.4265625 0.021484375 0.11640625
0 0.895703125 0.4234375 0.02109375 0.1046875
0 0.95078125 0.41875 0.023828125 0.11875
0 0.696875 0.3953125 0.00703125 0.034375
0 0.42890625 0.4203125 0.023046875 0.1109375
0 0.451953125 0.41796875 0.023828125 0.11875
0 0.4953125 0.41640625 0.01484375 0.07109375
0 0.46484375 0.42109375 0.0234375 0.11640625
0 0.662890625 0.39921875 0.00625 0.03203125
0 0.66875 0.40078125 0.00546875 0.0265625
0 0.73125 0.4 0.01015625 0.05078125