0 0.67734375 0.42109375 0.0109375 0.05546875
0 0.705859375 0.42890625 0.021875 0.1078125
0 0.7015625 0.42109375 0.026953125 0.1328125
0 0.73828125 0.4125 0.029296875 0.1421875
0 0.72578125 0.4203125 0.0265625 0.13125
0 0.764453125 0.41953125 0.025 0.121875
0 0.75703125 0.4171875 0.02578125 0.128125
0 0.750390625 0.4109375 0.03671875 0.18046875
0 0.785546875 0.41875 0.0234375 0.1171875
0 0.81171875 0.403125 0.0390625 0.190625
0 0.8109375 0.39765625 0.042578125 0.209375
0 0.6234375 0.42734375 0.023828125 0.11640625
0 0.64453125 0.42109375 0.028125 0.13984375
0 0.660546875 0.42734375 0.02421875 0.1203125
0 0.62421875 0.42421875 0.027734375 0.1359375
0 0.59453125 0.42890625 0.023828125 0.1171875
0 0.581640625 0.4234375 0.026953125 0.13125
0 0.595703125 0.428125 0.028125 0.1375
0 0.547265625 0.4375 0.021875 0.109375
0 0.5578125 0.42890625 0.0265625 0.13203125
0 0.5359375 0.43125 0.0265625 0.12890625
0 0.52265625 0.42890625 0.03125 0.15546875
0 0.509375 0.428125 0.03046875 0.14921875
0 0.521875 0.425 0.034765625 0.1703125
0 0.27578125 0.4625 0.03984375 0.19609375
0 0.2953125 0.45625 0.044921875 0.2203125
0 0.320703125 0.4484375 0.050390625 0.246875
0 0.608984375 0.4203125 0.03125 0.153125
0 0.691015625 0.39765625 0.026953125 0.13359375