0 0.530078125 0.41484375 0.00234375 0.0125
0 0.532421875 0.41640625 0.00234375 0.01484375
0 0.544140625 0.428125 0.003515625 0.0171875
0 0.548046875 0.428125 0.004296875 0.021875
0 0.5515625 0.4421875 0.005859375 0.03125
0 0.557421875 0.4234375 0.003515625 0.01875
0 0.56015625 0.44375 0.008203125 0.03984375
0 0.56953125 0.43828125 0.0046875 0.0265625
0 0.571875 0.45078125 0.00546875 0.028125
0 0.601953125 0.44765625 0.007421875 0.0359375
0 0.621875 0.440625 0.0109375 0.053125
0 0.644921875 0.44375 0.01171875 0.05859375
0 0.659765625 0.44375 0.0109375 0.05390625
0 0.653515625 0.44140625 0.012109375 0.0609375
0 0.634375 0.440625 0.01328125 0.065625
0 0.6703125 0.45 0.008203125 0.04375
0 0.675 0.44296875 0.01171875 0.0578125
0 0.71328125 0.42890625 0.01796875 0.08984375
0 0.719140625 0.42421875 0.02421875 0.1203125
0 0.75859375 0.43046875 0.021484375 0.1078125
0 0.734765625 0.43125 0.02265625 0.11015625
0 0.746875 0.4234375 0.030859375 0.15
0 0.770703125 0.42578125 0.02890625 0.140625
0 0.79375 0.421875 0.029296875 0.14453125
0 0.9859375 0.4390625 0.02578125 0.16875
0 0.5046875 0.41875 0.003515625 0.015625
0 0.476171875 0.4375 0.005859375 0.02734375
0 0.431640625 0.4453125 0.005859375 0.0296875
0 0.4171875 0.440625 0.009375 0.04609375
0 0.42265625 0.4390625 0.0109375 0.0546875
0 0.41171875 0.4390625 0.01015625 0.05
0 0.405859375 0.4359375 0.0125 0.06171875
0 0.39375 0.43828125 0.011328125 0.05546875
0 0.375390625 0.43828125 0.01015625 0.05078125
0 0.2375 0.4328125 0.02421875 0.121875
0 0.17890625 0.4390625 0.02421875 0.11796875
0 0.22578125 0.421875 0.03203125 0.16015625
0 0.191015625 0.41875 0.031640625 0.15546875
0 0.16953125 0.42265625 0.030859375 0.1515625
0 0.1578125 0.4375 0.046484375 0.228125
0 0.120703125 0.425 0.0484375 0.2375
0 0.0765625 0.42734375 0.04609375 0.22578125
0 0.0375 0.490625 0.07421875 0.36328125
0 0.97890625 0.42890625 0.03984375 0.1953125
0 0.203125 0.415625 0.03828125 0.18828125
0 0.3796875 0.440625 0.00859375 0.04609375
0 0.5671875 0.45234375 0.00546875 0.02734375
0 0.59140625 0.41875 0.01484375 0.0734375