0 0.453515625 0.32421875 0.00390625 0.01953125
0 0.46015625 0.32421875 0.00390625 0.021875
0 0.46484375 0.32109375 0.003125 0.015625
0 0.46796875 0.31953125 0.00390625 0.021875
0 0.4703125 0.321875 0.00390625 0.02265625
0 0.48984375 0.321875 0.003515625 0.01875
0 0.4875 0.321875 0.00390625 0.01875
0 0.531640625 0.3390625 0.0078125 0.03984375
0 0.543359375 0.33828125 0.008203125 0.0421875
0 0.537109375 0.3453125 0.00859375 0.0453125
0 0.5625 0.33984375 0.0109375 0.053125
0 0.571484375 0.34921875 0.01015625 0.0515625
0 0.58671875 0.34765625 0.011328125 0.05625
0 0.8203125 0.43671875 0.04375 0.21484375
0 0.829296875 0.4296875 0.053125 0.26171875
0 0.8578125 0.46328125 0.037109375 0.1828125
0 0.42578125 0.328125 0.00703125 0.0328125
0 0.421875 0.33125 0.005859375 0.0296875
0 0.30234375 0.3484375 0.011328125 0.0546875
0 0.28671875 0.3578125 0.01015625 0.05390625
0 0.26484375 0.3625 0.01171875 0.05859375
0 0.27421875 0.35859375 0.015234375 0.075
0 0.2515625 0.365625 0.01015625 0.053125
0 0.234375 0.36640625 0.01484375 0.0734375
0 0.089453125 0.365625 0.01875 0.09296875
0 0.1515625 0.39140625 0.026953125 0.13203125
0 0.096875 0.36328125 0.01328125 0.06640625
0 0.11953125 0.3921875 0.025 0.125
0 0.011328125 0.396875 0.02265625 0.2015625
0 0.3078125 0.35 0.0109375 0.05390625
0 0.389453125 0.4015625 0.038671875 0.18828125
0 0.366796875 0.340625 0.005859375 0.0296875
0 0.415625 0.321875 0.0109375 0.02734375
0 0.494921875 0.32265625 0.00546875 0.01640625
0 0.51328125 0.32890625 0.028125 0.0390625