0 0.1703125 0.35078125 0.04453125 0.21875
0 0.387890625 0.346875 0.011328125 0.0546875
0 0.382421875 0.35078125 0.01796875 0.090625
0 0.39921875 0.3546875 0.015625 0.07734375
0 0.4515625 0.35234375 0.004296875 0.0234375
0 0.457421875 0.35390625 0.003515625 0.0203125
0 0.465625 0.3515625 0.00390625 0.021875
0 0.553515625 0.34296875 0.011328125 0.05546875
0 0.6328125 0.34453125 0.01953125 0.0953125
0 0.6609375 0.34765625 0.017578125 0.0859375
0 0.65859375 0.3578125 0.02890625 0.14140625
0 0.566796875 0.36796875 0.027734375 0.1375
0 0.54375 0.35078125 0.031640625 0.15546875
0 0.51875 0.35859375 0.03046875 0.1484375
0 0.413671875 0.35078125 0.0109375 0.0546875
0 0.44453125 0.35 0.013671875 0.06875
0 0.36796875 0.3703125 0.02578125 0.128125
0 0.323046875 0.3578125 0.02890625 0.1421875
0 0.2109375 0.36015625 0.04296875 0.21015625
0 0.023828125 0.3734375 0.047265625 0.29609375
0 0.071484375 0.37109375 0.0640625 0.3125
0 0.775 0.36640625 0.043359375 0.2140625
0 0.736328125 0.3734375 0.0421875 0.20390625
0 0.8359375 0.3640625 0.05078125 0.25
0 0.880078125 0.359375 0.053125 0.259375
0 0.615625 0.35078125 0.01640625 0.08203125
0 0.43203125 0.3484375 0.013671875 0.06953125
0 0.25625 0.359375 0.029296875 0.1421875
0 0.5078125 0.35078125 0.01171875 0.03203125
0 0.575 0.325 0.003515625 0.0234375
0 0.583203125 0.3296875 0.008203125 0.03203125
0 0.624609375 0.328125 0.008203125 0.03515625
0 0.625 0.36328125 0.0078125 0.03125