0 0.0140625 0.4234375 0.028125 0.2625
0 0.234375 0.4203125 0.02734375 0.134375
0 0.37421875 0.42265625 0.01796875 0.08984375
0 0.245703125 0.41484375 0.01640625 0.0828125
0 0.45078125 0.4140625 0.00703125 0.03515625
0 0.32265625 0.4234375 0.025390625 0.12421875
0 0.668359375 0.428125 0.01953125 0.0953125
0 0.5515625 0.41171875 0.00625 0.034375
0 0.58046875 0.4078125 0.01328125 0.0671875
0 0.61171875 0.41015625 0.01328125 0.06640625
0 0.58828125 0.4109375 0.01171875 0.05859375
0 0.59453125 0.41015625 0.012109375 0.0609375
0 0.6015625 0.4125 0.017578125 0.0859375
0 0.619921875 0.4125 0.016015625 0.08125
0 0.644921875 0.4171875 0.05 0.24296875
0 0.680078125 0.4078125 0.029296875 0.1453125
0 0.726171875 0.42109375 0.0359375 0.178125
0 0.762890625 0.415625 0.0375 0.18359375
0 0.82734375 0.4 0.0375 0.184375
0 0.825 0.4171875 0.038671875 0.1890625
0 0.887109375 0.40703125 0.03046875 0.15
0 0.4171875 0.41484375 0.0140625 0.06875
0 0.54453125 0.41640625 0.01328125 0.028125
0 0.56484375 0.415625 0.021484375 0.0515625