0 0.14921875 0.434375 0.00546875 0.028125
0 0.323828125 0.42265625 0.00546875 0.02734375
0 0.4203125 0.42890625 0.0125 0.06328125
0 0.240625 0.4484375 0.03359375 0.165625
0 0.26875 0.45234375 0.03203125 0.1578125
0 0.41171875 0.428125 0.01328125 0.06640625
0 0.359375 0.4390625 0.01875 0.090625
0 0.35234375 0.43984375 0.01953125 0.096875
0 0.39765625 0.43125 0.01328125 0.065625
0 0.41015625 0.4328125 0.0125 0.0625
0 0.4796875 0.41328125 0.00625 0.0328125
0 0.472265625 0.40859375 0.007421875 0.0359375
0 0.5171875 0.4203125 0.0125 0.065625
0 0.4015625 0.4046875 0.004296875 0.00859375
0 0.402734375 0.446875 0.004296875 0.028125
0 0.4953125 0.41015625 0.007421875 0.0296875