0 0.1234375 0.36875 0.00703125 0.0328125
0 0.08046875 0.3609375 0.009375 0.046875
0 0.08515625 0.3640625 0.008203125 0.0421875
0 0.115234375 0.3671875 0.0078125 0.0390625
0 0.1921875 0.36875 0.00625 0.0328125
0 0.093359375 0.36484375 0.008203125 0.04375
0 0.50078125 0.378125 0.0078125 0.040625
0 0.49765625 0.37890625 0.00859375 0.04296875
0 0.39453125 0.39921875 0.02734375 0.13359375
0 0.41328125 0.39765625 0.029296875 0.1453125
0 0.284375 0.371875 0.007421875 0.0375
0 0.754296875 0.4109375 0.02890625 0.140625
0 0.734375 0.415625 0.028125 0.140625