0 0.409765625 0.4171875 0.009765625 0.05078125
0 0.3140625 0.4171875 0.00859375 0.0453125
0 0.36640625 0.4171875 0.01015625 0.0515625
0 0.365625 0.42265625 0.00859375 0.04375
0 0.358984375 0.421875 0.0109375 0.0546875
0 0.35390625 0.4203125 0.0125 0.065625
0 0.320703125 0.4234375 0.011328125 0.0546875
0 0.309375 0.4203125 0.009765625 0.05078125
0 0.3015625 0.42421875 0.012109375 0.06171875
0 0.265234375 0.43515625 0.01328125 0.0671875
0 0.247265625 0.428125 0.016015625 0.0796875
0 0.25234375 0.42578125 0.0171875 0.084375
0 0.237890625 0.43046875 0.015625 0.078125
0 0.209765625 0.4359375 0.0140625 0.071875
0 0.1953125 0.43046875 0.01640625 0.0828125
0 0.437890625 0.4171875 0.01171875 0.059375
0 0.44375 0.41328125 0.0140625 0.06953125
0 0.500390625 0.4109375 0.02265625 0.1125
0 0.530859375 0.4078125 0.0140625 0.07109375
0 0.613671875 0.42578125 0.01953125 0.0953125
0 0.631640625 0.4 0.0140625 0.07109375
0 0.465625 0.41171875 0.015234375 0.075
0 0.39921875 0.4234375 0.009765625 0.05
0 0.39296875 0.428125 0.0078125 0.03984375
0 0.404296875 0.428125 0.0078125 0.0390625
0 0.33359375 0.4171875 0.019921875 0.0453125