0 0.70078125 0.428125 0.035546875 0.17578125
0 0.62578125 0.42265625 0.02421875 0.11796875
0 0.6453125 0.4234375 0.023828125 0.11796875
0 0.6390625 0.440625 0.031640625 0.15546875
0 0.128125 0.4015625 0.007421875 0.0390625
0 0.012109375 0.43046875 0.0171875 0.084375
0 0.007421875 0.42421875 0.01484375 0.0984375
0 0.324609375 0.42578125 0.013671875 0.06875
0 0.3328125 0.41796875 0.012109375 0.0625
0 0.29140625 0.41171875 0.015234375 0.07734375
0 0.287890625 0.4203125 0.015234375 0.07421875
0 0.35546875 0.42109375 0.0125 0.0640625
0 0.348828125 0.425 0.0140625 0.07109375
0 0.39375 0.42109375 0.015625 0.078125
0 0.381640625 0.4328125 0.011328125 0.05625
0 0.415234375 0.4203125 0.01328125 0.065625
0 0.469140625 0.43046875 0.02265625 0.1125
0 0.790625 0.43046875 0.03984375 0.1953125
0 0.7671875 0.42578125 0.042578125 0.209375
0 0.54375 0.43671875 0.0359375 0.17578125