0 0.529296875 0.36796875 0.005859375 0.03203125
0 0.5484375 0.36796875 0.00625 0.034375
0 0.556640625 0.36875 0.00859375 0.0453125
0 0.55390625 0.36953125 0.009375 0.04609375
0 0.566796875 0.37109375 0.00859375 0.0453125
0 0.576171875 0.37109375 0.00859375 0.0453125
0 0.635546875 0.41015625 0.02890625 0.1421875
0 0.6578125 0.41796875 0.02734375 0.13671875
0 0.682421875 0.409375 0.031640625 0.15703125
0 0.726953125 0.41015625 0.030859375 0.15234375
0 0.71328125 0.41640625 0.030859375 0.14921875
0 0.757421875 0.40703125 0.027734375 0.13671875
0 0.778515625 0.41171875 0.027734375 0.1375
0 0.851953125 0.41796875 0.046875 0.23046875
0 0.033984375 0.45234375 0.043359375 0.21171875
0 0.09296875 0.43203125 0.046484375 0.22734375
0 0.507421875 0.37578125 0.00859375 0.04296875
0 0.62265625 0.36875 0.011328125 0.05625