0 0.687890625 0.42265625 0.01484375 0.0703125
0 0.69140625 0.42578125 0.01484375 0.0703125
0 0.83046875 0.43828125 0.039453125 0.19453125
0 0.478125 0.4234375 0.00625 0.03203125
0 0.593359375 0.4265625 0.009765625 0.0484375
0 0.60234375 0.42421875 0.0109375 0.05390625
0 0.616796875 0.425 0.009375 0.04609375
0 0.376953125 0.42890625 0.005859375 0.03203125
0 0.33203125 0.42890625 0.00859375 0.04609375
0 0.26640625 0.43125 0.01171875 0.05859375
0 0.278125 0.428125 0.0140625 0.0703125
0 0.45859375 0.42421875 0.01328125 0.01875
0 0.468359375 0.42265625 0.000390625 0.0078125