0 0.005078125 0.40703125 0.01015625 0.075
0 0.008203125 0.4125 0.012109375 0.0609375
0 0.24765625 0.39765625 0.025390625 0.12421875
0 0.415625 0.38828125 0.012109375 0.059375
0 0.27578125 0.4 0.025 0.121875
0 0.3984375 0.38828125 0.0125 0.06328125
0 0.48203125 0.3875 0.0109375 0.05390625
0 0.52421875 0.38984375 0.01015625 0.053125
0 0.690625 0.38359375 0.009375 0.046875
0 0.715625 0.37890625 0.01328125 0.0640625
0 0.8421875 0.4046875 0.0359375 0.17890625
0 0.698828125 0.3765625 0.007421875 0.0375