0 0.6625 0.39140625 0.019140625 0.09453125
0 0.276953125 0.38828125 0.01328125 0.065625
0 0.262109375 0.38515625 0.01328125 0.065625
0 0.321875 0.39140625 0.01640625 0.0796875
0 0.296875 0.390625 0.0125 0.0625
0 0.260546875 0.39140625 0.012109375 0.059375
0 0.38359375 0.38671875 0.0140625 0.071875
0 0.2703125 0.3890625 0.012109375 0.0625
0 0.401953125 0.4015625 0.017578125 0.0859375
0 0.231640625 0.440625 0.04453125 0.2171875
0 0.15234375 0.4265625 0.03984375 0.1984375
0 0.35390625 0.4 0.023828125 0.1171875
0 0.376171875 0.39453125 0.02109375 0.1015625
0 0.3703125 0.39921875 0.01796875 0.0921875
0 0.34609375 0.40625 0.02109375 0.103125
0 0.548828125 0.39765625 0.00859375 0.04375
0 0.550390625 0.40625 0.0078125 0.0390625
0 0.56015625 0.40390625 0.0109375 0.05390625
0 0.55390625 0.403125 0.009765625 0.05
0 0.5859375 0.4046875 0.021484375 0.10625
0 0.575 0.4109375 0.02578125 0.12890625
0 0.60390625 0.4109375 0.02578125 0.12578125
0 0.633203125 0.40078125 0.025 0.121875
0 0.630859375 0.40546875 0.02734375 0.134375
0 0.652734375 0.4046875 0.025 0.12109375
0 0.6703125 0.40546875 0.025 0.12109375
0 0.68828125 0.39765625 0.025390625 0.125
0 0.787109375 0.3890625 0.02734375 0.13359375
0 0.69296875 0.40546875 0.01875 0.0921875
0 0.703515625 0.384375 0.01640625 0.0828125
0 0.709375 0.41171875 0.025 0.12421875
0 0.7140625 0.4046875 0.02734375 0.13359375
0 0.4140625 0.40078125 0.01875 0.090625
0 0.39140625 0.4 0.023046875 0.11328125
0 0.45 0.4015625 0.012109375 0.03984375
0 0.7296875 0.37578125 0.026953125 0.075