0 0.146875 0.39140625 0.008203125 0.04375
0 0.271875 0.40546875 0.025 0.1234375
0 0.2453125 0.40390625 0.0125 0.06328125
0 0.233203125 0.41640625 0.0296875 0.1453125
0 0.331640625 0.4078125 0.02734375 0.1359375
0 0.31796875 0.4359375 0.0421875 0.20703125
0 0.479296875 0.421875 0.02890625 0.1421875
0 0.491796875 0.428125 0.03203125 0.1578125
0 0.54296875 0.41484375 0.025390625 0.125
0 0.523046875 0.41328125 0.026953125 0.1328125
0 0.651953125 0.41875 0.025390625 0.1265625
0 0.584375 0.4359375 0.02265625 0.11015625
0 0.625 0.41015625 0.033203125 0.1640625
0 0.76484375 0.4109375 0.05390625 0.2640625
0 0.8375 0.409375 0.052734375 0.259375
0 0.971875 0.446875 0.0546875 0.51953125
0 0.124609375 0.428125 0.034765625 0.1703125