0 0.455078125 0.34453125 0.005859375 0.03125
0 0.521875 0.346875 0.009375 0.04609375
0 0.52734375 0.3453125 0.009765625 0.0484375
0 0.537109375 0.3453125 0.0078125 0.03984375
0 0.530859375 0.34765625 0.00859375 0.0453125
0 0.594921875 0.346875 0.011328125 0.0546875
0 0.60859375 0.3828125 0.034765625 0.1703125
0 0.629296875 0.39296875 0.0328125 0.16328125
0 0.65859375 0.396875 0.03046875 0.15
0 0.675 0.38515625 0.038671875 0.18828125
0 0.69921875 0.3875 0.03125 0.153125
0 0.704296875 0.3921875 0.035546875 0.175
0 0.734375 0.3875 0.037109375 0.1828125
0 0.766015625 0.38515625 0.03359375 0.16484375
0 0.785546875 0.38984375 0.0328125 0.159375
0 0.8921875 0.38828125 0.056640625 0.2765625
0 0.47109375 0.3453125 0.0078125 0.040625
0 0.509375 0.34453125 0.011328125 0.0484375