0 0.703515625 0.428125 0.0078125 0.03828125
0 0.698828125 0.428125 0.007421875 0.0359375
0 0.650390625 0.42109375 0.009765625 0.0484375
0 0.6546875 0.428125 0.01015625 0.0515625
0 0.660546875 0.42890625 0.015234375 0.075
0 0.639453125 0.42890625 0.02109375 0.1046875
0 0.634375 0.42890625 0.021875 0.109375
0 0.60859375 0.4265625 0.034375 0.16796875
0 0.585546875 0.43125 0.03125 0.1546875
0 0.08515625 0.4703125 0.109765625 0.5375
0 0.181640625 0.48125 0.115234375 0.56328125
0 0.98125 0.38984375 0.03515625 0.21015625
0 0.9734375 0.42890625 0.05078125 0.28828125