0 0.780859375 0.3765625 0.0109375 0.0515625
0 0.499609375 0.38984375 0.012109375 0.05859375
0 0.4734375 0.38984375 0.01640625 0.08203125
0 0.46484375 0.47578125 0.06328125 0.3109375
0 0.212890625 0.42734375 0.0625 0.30546875
0 0.84453125 0.39453125 0.0265625 0.12890625
0 0.869921875 0.3984375 0.023828125 0.11875
0 0.96171875 0.3765625 0.011328125 0.05546875
0 0.95 0.37578125 0.0125 0.06328125
0 0.93984375 0.3796875 0.013671875 0.06640625
0 0.906640625 0.40078125 0.02265625 0.11015625
0 0.150390625 0.4109375 0.021484375 0.10625
0 0.9328125 0.39765625 0.025 0.125
0 0.142578125 0.40703125 0.0234375 0.115625
0 0.179296875 0.41484375 0.019921875 0.0984375
0 0.183984375 0.41328125 0.02109375 0.10234375
0 0.77265625 0.38671875 0.01640625 0.08203125
0 0.9203125 0.3875 0.015625 0.08671875
0 0.9515625 0.35859375 0.01484375 0.0171875