0 0.2953125 0.43203125 0.012109375 0.059375
0 0.33984375 0.43203125 0.0109375 0.05390625
0 0.385546875 0.43515625 0.012109375 0.06171875
0 0.52421875 0.421875 0.01015625 0.053125
0 0.520703125 0.4234375 0.009375 0.0484375
0 0.527734375 0.421875 0.011328125 0.05625
0 0.51015625 0.428125 0.00859375 0.04375
0 0.5015625 0.42265625 0.009375 0.046875
0 0.67421875 0.409375 0.01875 0.0921875
0 0.674609375 0.4046875 0.02109375 0.103125
0 0.64609375 0.434375 0.0578125 0.28203125
0 0.7140625 0.425 0.041015625 0.203125
0 0.728125 0.41875 0.04765625 0.23359375
0 0.425 0.41640625 0.041015625 0.20234375
0 0.06015625 0.4171875 0.02265625 0.1109375
0 0.375390625 0.43359375 0.0125 0.0625
0 0.54453125 0.4140625 0.0078125 0.025