0 0.665234375 0.38359375 0.008203125 0.0421875
0 0.668359375 0.39296875 0.0109375 0.0515625
0 0.660546875 0.3953125 0.01171875 0.0578125
0 0.613671875 0.39296875 0.0125 0.06171875
0 0.60859375 0.39453125 0.0140625 0.0703125
0 0.622265625 0.39453125 0.0140625 0.06875
0 0.63828125 0.38984375 0.01171875 0.0609375
0 0.63359375 0.38828125 0.013671875 0.06953125
0 0.631640625 0.390625 0.016015625 0.0796875
0 0.65078125 0.39765625 0.011328125 0.05625
0 0.643359375 0.39609375 0.0140625 0.06953125
0 0.58515625 0.39375 0.012109375 0.0609375
0 0.371875 0.43359375 0.0984375 0.4828125
0 0.559765625 0.47421875 0.082421875 0.403125
0 0.71796875 0.44296875 0.07734375 0.378125
0 0.3609375 0.4703125 0.089453125 0.43671875
0 0.600390625 0.3921875 0.012109375 0.059375
0 0.75078125 0.37890625 0.025390625 0.125