0 0.2203125 0.4046875 0.033203125 0.1609375
0 0.4953125 0.3765625 0.009375 0.04765625
0 0.50390625 0.3703125 0.0125 0.06171875
0 0.4734375 0.36875 0.01796875 0.0890625
0 0.473046875 0.38203125 0.019921875 0.0984375
0 0.489453125 0.384375 0.02109375 0.10546875
0 0.566015625 0.3734375 0.01015625 0.05
0 0.574609375 0.37109375 0.011328125 0.05625
0 0.7953125 0.3765625 0.00625 0.0328125
0 0.76015625 0.3953125 0.025390625 0.125
0 0.66171875 0.38671875 0.02421875 0.11875
0 0.675390625 0.396875 0.023046875 0.1140625