0 0.48515625 0.4140625 0.01015625 0.053125
0 0.474609375 0.41796875 0.00703125 0.03515625
0 0.4640625 0.4125 0.00859375 0.0421875
0 0.458984375 0.41328125 0.01171875 0.0578125
0 0.46953125 0.41875 0.01015625 0.05
0 0.450390625 0.4203125 0.016015625 0.07890625
0 0.4296875 0.41484375 0.017578125 0.0875
0 0.41015625 0.41875 0.01484375 0.0734375
0 0.366015625 0.4171875 0.021875 0.1078125
0 0.3421875 0.4125 0.02265625 0.1109375
0 0.331640625 0.42265625 0.02578125 0.128125
0 0.35078125 0.42109375 0.028125 0.140625
0 0.1203125 0.42734375 0.042578125 0.2078125
0 0.137890625 0.4265625 0.04921875 0.24140625
0 0.50078125 0.41875 0.00390625 0.01875
0 0.506640625 0.41875 0.003515625 0.01953125
0 0.535546875 0.4171875 0.005859375 0.0296875
0 0.540625 0.4171875 0.0046875 0.025
0 0.54921875 0.4171875 0.00546875 0.0296875
0 0.552734375 0.41875 0.0046875 0.02734375
0 0.556640625 0.41796875 0.005859375 0.03125
0 0.571875 0.41328125 0.0109375 0.053125
0 0.57578125 0.4109375 0.0078125 0.040625
0 0.584375 0.41328125 0.009375 0.0453125
0 0.590625 0.41015625 0.00625 0.03125
0 0.596875 0.41328125 0.008203125 0.04296875
0 0.63125 0.41328125 0.011328125 0.05625
0 0.622265625 0.4109375 0.01328125 0.065625
0 0.629296875 0.41328125 0.01171875 0.05859375
0 0.615625 0.4125 0.01796875 0.090625
0 0.608203125 0.4171875 0.0171875 0.084375
0 0.62578125 0.42109375 0.016015625 0.0796875
0 0.871875 0.44296875 0.0453125 0.2234375
0 0.68828125 0.41640625 0.02109375 0.10234375
0 0.667578125 0.4203125 0.019921875 0.1
0 0.67890625 0.42890625 0.02109375 0.103125
0 0.6921875 0.434375 0.03046875 0.14921875
0 0.80234375 0.45 0.05078125 0.25078125
0 0.8453125 0.4515625 0.05 0.24609375
0 0.960546875 0.459375 0.054296875 0.2671875
0 0.0765625 0.4296875 0.03984375 0.19921875
0 0.48984375 0.41484375 0.01015625 0.0515625
0 0.544921875 0.4171875 0.005859375 0.025
0 0.56328125 0.415625 0.0078125 0.0421875