0 0.6078125 0.4296875 0.00546875 0.02734375
0 0.614453125 0.42890625 0.00546875 0.02734375
0 0.662890625 0.415625 0.012109375 0.059375
0 0.656640625 0.42265625 0.01171875 0.05625
0 0.678125 0.41328125 0.0171875 0.0859375
0 0.691015625 0.4109375 0.017578125 0.0859375
0 0.723046875 0.403125 0.011328125 0.0578125
0 0.735546875 0.4078125 0.0171875 0.08515625
0 0.7640625 0.4109375 0.0203125 0.1015625
0 0.774609375 0.41015625 0.02109375 0.10546875
0 0.79140625 0.4125 0.019921875 0.1
0 0.805078125 0.41015625 0.02578125 0.1265625
0 0.8296875 0.4125 0.02421875 0.1203125
0 0.859375 0.4265625 0.0265625 0.128125
0 0.87890625 0.415625 0.025390625 0.12578125
0 0.991796875 0.43046875 0.01484375 0.13203125
0 0.5421875 0.4140625 0.0140625 0.0703125
0 0.503125 0.415625 0.0140625 0.06953125
0 0.4609375 0.41953125 0.0046875 0.0265625
0 0.44375 0.4234375 0.005859375 0.0296875
0 0.43125 0.42421875 0.0078125 0.03828125
0 0.4203125 0.4125 0.021484375 0.10546875
0 0.38515625 0.403125 0.0234375 0.115625
0 0.3609375 0.39921875 0.0203125 0.1015625
0 0.38359375 0.415625 0.0421875 0.20625
0 0.28515625 0.4 0.03984375 0.19921875
0 0.267578125 0.3921875 0.03984375 0.1984375
0 0.09921875 0.403125 0.059375 0.29296875
0 0.644140625 0.41015625 0.01640625 0.084375
0 0.45234375 0.4265625 0.00703125 0.034375
0 0.4484375 0.428125 0.00625 0.03125
0 0.7046875 0.3921875 0.015625 0.0765625
0 0.719140625 0.39296875 0.015625 0.07734375
0 0.712890625 0.3921875 0.017578125 0.08671875
0 0.472265625 0.41640625 0.00234375 0.01640625
0 0.477734375 0.4171875 0.003515625 0.0203125
0 0.558203125 0.428125 0.003125 0.03125
0 0.569921875 0.42734375 0.017578125 0.034375
0 0.587109375 0.434375 0.007421875 0.0203125
0 0.63359375 0.4203125 0.008203125 0.05859375
0 0.64140625 0.44375 0.0015625 0.0109375
0 0.65 0.43046875 0.00859375 0.03515625
0 0.65234375 0.39921875 0.00390625 0.02265625
0 0.684375 0.38125 0.00703125 0.0109375
0 0.698828125 0.4046875 0.00234375 0.03046875