0 0.428515625 0.40859375 0.01015625 0.0515625
0 0.842578125 0.4265625 0.008203125 0.0421875
0 0.8453125 0.4265625 0.007421875 0.03828125
0 0.06015625 0.4 0.0203125 0.10078125
0 0.08515625 0.4046875 0.019140625 0.09375
0 0.20390625 0.43125 0.02421875 0.1203125
0 0.2171875 0.4328125 0.025390625 0.1265625
0 0.422265625 0.409375 0.01171875 0.059375
0 0.18984375 0.4484375 0.01875 0.090625
0 0.48515625 0.4234375 0.01484375 0.07109375
0 0.475 0.4171875 0.0140625 0.07109375
0 0.46796875 0.42109375 0.013671875 0.06875
0 0.63515625 0.425 0.0125 0.0625
0 0.63203125 0.42265625 0.013671875 0.06875
0 0.649609375 0.42265625 0.0140625 0.071875
0 0.655859375 0.4203125 0.016015625 0.07890625
0 0.98203125 0.43203125 0.012109375 0.06171875
0 0.878125 0.4140625 0.01015625 0.05078125
0 0.871875 0.415625 0.01171875 0.0578125
0 0.859765625 0.4328125 0.0125 0.0625
0 0.85078125 0.43125 0.012109375 0.06171875
0 0.93984375 0.43671875 0.052734375 0.2578125
0 0.562890625 0.42265625 0.015234375 0.075
0 0.319921875 0.4171875 0.03046875 0.14921875
0 0.308203125 0.41484375 0.03359375 0.1671875
0 0.43125 0.421875 0.015234375 0.0765625
0 0.603125 0.41875 0.01015625 0.053125