0 0.48125 0.496875 0.009765625 0.0484375
0 0.4953125 0.496875 0.009765625 0.0484375
0 0.48984375 0.5046875 0.01015625 0.05
0 0.63359375 0.5109375 0.017578125 0.08671875
0 0.655078125 0.50625 0.015234375 0.075
0 0.624609375 0.53203125 0.05625 0.275
0 0.588671875 0.534375 0.05625 0.2734375
0 0.5515625 0.5484375 0.065625 0.321875
0 0.446875 0.509375 0.04921875 0.24140625
0 0.424609375 0.51875 0.046484375 0.22734375
0 0.42109375 0.53828125 0.07265625 0.3546875
0 0.367578125 0.521875 0.060546875 0.29765625
0 0.426171875 0.5546875 0.071875 0.3515625
0 0.308984375 0.50078125 0.053125 0.259375
0 0.307421875 0.52109375 0.047265625 0.23125
0 0.331640625 0.5390625 0.0578125 0.2828125
0 0.707421875 0.5328125 0.052734375 0.2578125
0 0.2609375 0.50546875 0.041015625 0.20234375
0 0.199609375 0.52421875 0.051171875 0.25078125
0 0.11640625 0.53984375 0.062890625 0.309375
0 0.058984375 0.5484375 0.0671875 0.3296875
0 0.02421875 0.540625 0.0484375 0.41875
0 0.86171875 0.54296875 0.070703125 0.34765625
0 0.853515625 0.55703125 0.0703125 0.34453125
0 0.9546875 0.53828125 0.069921875 0.340625
0 0.941015625 0.5765625 0.069921875 0.33984375
0 0.958203125 0.5421875 0.081640625 0.4140625