0 0.0171875 0.36875 0.009765625 0.0484375
0 0.00546875 0.36796875 0.0109375 0.053125
0 0.486328125 0.390625 0.01484375 0.07421875
0 0.47421875 0.39140625 0.01796875 0.08984375
0 0.530859375 0.39453125 0.0203125 0.1
0 0.553515625 0.3953125 0.019921875 0.1
0 0.57734375 0.396875 0.01875 0.09375
0 0.570703125 0.4 0.025390625 0.125
0 0.594140625 0.40390625 0.01953125 0.0984375
0 0.60234375 0.3921875 0.016015625 0.0796875
0 0.707421875 0.415625 0.026953125 0.13203125
0 0.76796875 0.42265625 0.02265625 0.1109375
0 0.04765625 0.3984375 0.0515625 0.25390625
0 0.090234375 0.39140625 0.052734375 0.25859375
0 0.9875 0.4109375 0.023046875 0.196875