0 0.5875 0.4921875 0.0078125 0.0390625
0 0.5828125 0.48984375 0.008203125 0.03984375
0 0.6125 0.490625 0.00703125 0.0328125
0 0.668359375 0.48125 0.00546875 0.0296875
0 0.615625 0.4875 0.00703125 0.0359375
0 0.666015625 0.4828125 0.00703125 0.034375
0 0.65546875 0.48359375 0.005859375 0.03125
0 0.659375 0.48125 0.00703125 0.034375
0 0.660546875 0.4828125 0.00625 0.03203125
0 0.38671875 0.50390625 0.015625 0.0765625
0 0.376171875 0.50078125 0.016015625 0.07890625
0 0.360546875 0.5125 0.0140625 0.0703125
0 0.344140625 0.50859375 0.015625 0.0765625
0 0.4859375 0.4984375 0.01328125 0.06640625
0 0.47890625 0.5125 0.007421875 0.0375
0 0.33359375 0.50390625 0.0171875 0.084375
0 0.84921875 0.5046875 0.066015625 0.3234375
0 0.956640625 0.51015625 0.065625 0.31953125
0 0.9078125 0.52265625 0.06171875 0.3015625
0 0.59453125 0.49375 0.007421875 0.0390625
0 0.698828125 0.4734375 0.00546875 0.02734375
0 0.749609375 0.4796875 0.01015625 0.053125
0 0.569921875 0.50703125 0.01171875 0.0234375
0 0.6375 0.49296875 0.00390625 0.01953125
0 0.644921875 0.49296875 0.004296875 0.0234375
0 0.684375 0.47734375 0.00234375 0.0125
0 0.6921875 0.475 0.00546875 0.025