0 0.8875 0.34296875 0.00625 0.03125
0 0.890625 0.34140625 0.00703125 0.034375
0 0.877734375 0.34453125 0.007421875 0.0390625
0 0.87265625 0.3578125 0.015625 0.075
0 0.866015625 0.35859375 0.0140625 0.06953125
0 0.869140625 0.3609375 0.01640625 0.0828125
0 0.89375 0.35703125 0.013671875 0.0671875
0 0.83515625 0.35234375 0.0125 0.065625
0 0.81953125 0.3609375 0.016015625 0.07890625
0 0.84453125 0.36171875 0.037109375 0.1828125
0 0.765234375 0.3609375 0.023828125 0.1171875
0 0.737890625 0.3625 0.02109375 0.103125
0 0.63359375 0.35703125 0.039453125 0.19453125
0 0.47109375 0.3578125 0.035546875 0.17578125
0 0.47421875 0.36875 0.034375 0.16796875
0 0.346875 0.40703125 0.05625 0.2734375
0 0.2796875 0.4015625 0.05625 0.275
0 0.91796875 0.34296875 0.009765625 0.03046875