0 0.4578125 0.41484375 0.0078125 0.040625
0 0.45234375 0.4109375 0.009765625 0.05078125
0 0.4421875 0.4078125 0.011328125 0.05546875
0 0.414453125 0.4140625 0.00625 0.03125
0 0.387890625 0.415625 0.01328125 0.06640625
0 0.246875 0.39765625 0.0203125 0.1015625
0 0.261328125 0.41015625 0.03515625 0.1734375
0 0.015234375 0.38984375 0.017578125 0.08671875
0 0.03046875 0.38125 0.019140625 0.0921875
0 0.464453125 0.4140625 0.01015625 0.053125
0 0.20546875 0.409375 0.02265625 0.1109375
0 0.021484375 0.38046875 0.0203125 0.10078125
0 0.0421875 0.396875 0.03046875 0.14765625
0 0.06171875 0.3984375 0.029296875 0.14453125
0 0.198046875 0.403125 0.042578125 0.20703125
0 0.23359375 0.434375 0.0515625 0.25625
0 0.476953125 0.4484375 0.060546875 0.296875
0 0.61796875 0.4484375 0.081640625 0.3984375
0 0.621875 0.4796875 0.0765625 0.375
0 0.528515625 0.46875 0.1 0.490625
0 0.591015625 0.521875 0.105859375 0.51953125
0 0.669140625 0.43125 0.016015625 0.08125
0 0.69453125 0.42578125 0.019140625 0.09375
0 0.687109375 0.42734375 0.021484375 0.1046875
0 0.148828125 0.48125 0.0796875 0.38984375
0 0.851171875 0.4671875 0.07890625 0.38671875
0 0.840234375 0.48671875 0.07734375 0.378125
0 0.770703125 0.4984375 0.13515625 0.6609375
0 0.973046875 0.49375 0.0515625 0.43671875
0 0.961328125 0.51640625 0.075 0.421875
0 0.29453125 0.4984375 0.10859375 0.5296875