0 0.63984375 0.3890625 0.004296875 0.021875
0 0.6359375 0.4 0.0046875 0.0265625
0 0.645703125 0.38359375 0.004296875 0.0234375
0 0.64921875 0.3890625 0.0046875 0.02421875
0 0.663671875 0.3765625 0.003515625 0.01875
0 0.654296875 0.38828125 0.00390625 0.02265625
0 0.67734375 0.3796875 0.0046875 0.02421875
0 0.661328125 0.39140625 0.00625 0.03125
0 0.66171875 0.4265625 0.017578125 0.0875
0 0.683984375 0.41875 0.01328125 0.065625
0 0.694921875 0.41953125 0.01328125 0.065625
0 0.713671875 0.42265625 0.016015625 0.0796875
0 0.67421875 0.440625 0.02734375 0.13359375
0 0.6578125 0.471875 0.01484375 0.075
0 0.6453125 0.43359375 0.01484375 0.07421875
0 0.58984375 0.42265625 0.01171875 0.05859375
0 0.5328125 0.42578125 0.011328125 0.05625
0 0.199609375 0.45 0.0140625 0.06953125
0 0.34140625 0.4703125 0.028125 0.13984375
0 0.512109375 0.4328125 0.013671875 0.06875
0 0.52421875 0.4265625 0.01640625 0.0796875
0 0.497265625 0.4390625 0.019140625 0.096875
0 0.026953125 0.4734375 0.0515625 0.2546875
0 0.1203125 0.4625 0.046875 0.23046875
0 0.135546875 0.46953125 0.046484375 0.2265625
0 0.07265625 0.46875 0.046875 0.23046875
0 0.0640625 0.47578125 0.058984375 0.2890625
0 0.406640625 0.4671875 0.059375 0.2921875
0 0.312109375 0.440625 0.01953125 0.03515625
0 0.362890625 0.43203125 0.01796875 0.034375