0 0.503515625 0.4046875 0.004296875 0.0234375
0 0.509375 0.40546875 0.00546875 0.028125
0 0.5578125 0.403125 0.00625 0.0328125
0 0.566015625 0.403125 0.007421875 0.03828125
0 0.593359375 0.4078125 0.01015625 0.0515625
0 0.61484375 0.4046875 0.0109375 0.053125
0 0.666015625 0.39921875 0.01953125 0.0953125
0 0.73671875 0.39921875 0.025390625 0.12578125
0 0.378515625 0.41328125 0.007421875 0.03515625
0 0.276953125 0.43359375 0.0125 0.0625
0 0.2640625 0.43515625 0.01328125 0.065625
0 0.484765625 0.4046875 0.004296875 0.021875
0 0.469921875 0.403125 0.004296875 0.0203125
0 0.53359375 0.4078125 0.01171875 0.0359375