0 0.43671875 0.42890625 0.005859375 0.0296875
0 0.43046875 0.4296875 0.0046875 0.025
0 0.44609375 0.43125 0.005859375 0.028125
0 0.39296875 0.4328125 0.007421875 0.0375
0 0.4828125 0.4296875 0.0046875 0.0234375
0 0.4765625 0.428125 0.00859375 0.04296875
0 0.398828125 0.41875 0.01875 0.09296875
0 0.4046875 0.42578125 0.02421875 0.11875
0 0.328125 0.428125 0.0203125 0.10078125
0 0.312109375 0.42265625 0.02421875 0.11875
0 0.56796875 0.4046875 0.023828125 0.1171875
0 0.527734375 0.421875 0.02578125 0.1265625
0 0.495703125 0.415625 0.02421875 0.1203125
0 0.923046875 0.35859375 0.03359375 0.1640625
0 0.894921875 0.3609375 0.033203125 0.1640625
0 0.84921875 0.39453125 0.021875 0.1078125
0 0.866796875 0.3875 0.0265625 0.13125
0 0.422265625 0.4234375 0.026953125 0.1328125
0 0.212890625 0.42890625 0.02421875 0.1203125
0 0.2625 0.43203125 0.041015625 0.2
0 0.241015625 0.4421875 0.034765625 0.1703125
0 0.223828125 0.453125 0.04140625 0.2046875
0 0.183984375 0.446875 0.042578125 0.2078125
0 0.058203125 0.43359375 0.02109375 0.10546875
0 0.3375 0.4234375 0.0296875 0.1484375