0 0.664453125 0.36796875 0.013671875 0.06953125
0 0.634765625 0.36875 0.013671875 0.06875
0 0.61796875 0.36875 0.012109375 0.0609375
0 0.63671875 0.36953125 0.013671875 0.0671875
0 0.64453125 0.365625 0.015625 0.0765625
0 0.62265625 0.36640625 0.015234375 0.075
0 0.64921875 0.36015625 0.01796875 0.090625
0 0.686328125 0.36328125 0.0140625 0.0703125
0 0.65703125 0.36171875 0.015234375 0.075
0 0.668359375 0.3578125 0.01953125 0.09453125
0 0.678125 0.35546875 0.019921875 0.1
0 0.69375 0.36328125 0.01328125 0.06640625
0 0.69765625 0.3609375 0.01484375 0.0734375
0 0.60546875 0.3734375 0.013671875 0.06640625
0 0.5890625 0.37265625 0.013671875 0.0671875
0 0.5953125 0.36953125 0.01484375 0.0734375
0 0.576171875 0.3734375 0.013671875 0.06875
0 0.580078125 0.3734375 0.0125 0.06328125
0 0.555859375 0.371875 0.015234375 0.075
0 0.566015625 0.36875 0.015234375 0.0765625
0 0.5578125 0.36953125 0.015625 0.07890625
0 0.53515625 0.37421875 0.01484375 0.07109375
0 0.538671875 0.37109375 0.016015625 0.0796875
0 0.544921875 0.36953125 0.017578125 0.08671875
0 0.51796875 0.37265625 0.016015625 0.08125
0 0.231640625 0.403125 0.019921875 0.0984375
0 0.4046875 0.38984375 0.01796875 0.08984375
0 0.42890625 0.384375 0.019140625 0.09453125
0 0.24765625 0.39921875 0.019140625 0.09375