0 0.37421875 0.4265625 0.007421875 0.03515625
0 0.306640625 0.4296875 0.01640625 0.084375
0 0.295703125 0.4328125 0.015234375 0.075
0 0.270703125 0.44609375 0.019921875 0.09765625
0 0.24375 0.4359375 0.016015625 0.0796875
0 0.259375 0.44140625 0.021484375 0.10546875
0 0.230078125 0.44765625 0.0203125 0.10234375
0 0.219921875 0.45 0.02109375 0.1015625
0 0.19375 0.446875 0.017578125 0.0890625
0 0.18203125 0.44375 0.019140625 0.0953125
0 0.12109375 0.4796875 0.025390625 0.12578125
0 0.10078125 0.46875 0.031640625 0.15625
0 0.044140625 0.48203125 0.02890625 0.14375
0 0.366015625 0.41875 0.009375 0.04765625
0 0.406640625 0.43828125 0.02578125 0.128125
0 0.36015625 0.43359375 0.01796875 0.08984375
0 0.396875 0.4359375 0.027734375 0.13671875
0 0.60703125 0.42421875 0.021875 0.10859375
0 0.60234375 0.415625 0.02578125 0.128125
0 0.713671875 0.4 0.030859375 0.15
0 0.880078125 0.40390625 0.021875 0.10859375
0 0.91328125 0.4 0.021875 0.10859375
0 0.930859375 0.38984375 0.02578125 0.128125
0 0.918359375 0.3953125 0.023828125 0.11875