0 0.954296875 0.3703125 0.01015625 0.053125
0 0.93984375 0.37421875 0.0140625 0.0703125
0 0.944921875 0.3796875 0.01484375 0.07109375
0 0.95859375 0.3828125 0.009765625 0.0484375
0 0.953515625 0.38203125 0.01171875 0.059375
0 0.9125 0.378125 0.0140625 0.06875
0 0.919140625 0.38203125 0.01328125 0.06640625
0 0.905859375 0.3796875 0.01484375 0.071875
0 0.93046875 0.3765625 0.01640625 0.0796875
0 0.887109375 0.38203125 0.01171875 0.0578125
0 0.894921875 0.38359375 0.012109375 0.0609375
0 0.88046875 0.384375 0.0125 0.06171875
0 0.8 0.3796875 0.01015625 0.053125
0 0.73984375 0.3890625 0.0125 0.0625
0 0.75625 0.39375 0.0125 0.06328125
0 0.723828125 0.38671875 0.01328125 0.06640625
0 0.6625 0.3875 0.01328125 0.06640625
0 0.54375 0.41875 0.034375 0.17109375
0 0.485546875 0.41328125 0.034765625 0.17109375
0 0.46875 0.415625 0.03828125 0.18828125
0 0.370703125 0.41171875 0.041015625 0.20234375
0 0.203515625 0.42265625 0.027734375 0.1390625
0 0.13203125 0.4078125 0.0203125 0.10234375
0 0.115625 0.415625 0.01875 0.09296875
0 0.090625 0.41328125 0.019140625 0.09453125
0 0.08515625 0.415625 0.01875 0.0921875
0 0.769140625 0.3921875 0.03828125 0.1875
0 0.85234375 0.384375 0.015234375 0.0390625
0 0.98828125 0.36171875 0.017578125 0.02421875