0 0.421484375 0.38515625 0.00703125 0.034375
0 0.4125 0.3875 0.00625 0.03046875
0 0.43515625 0.39375 0.003515625 0.0171875
0 0.461328125 0.38515625 0.00546875 0.0265625
0 0.512109375 0.38984375 0.01015625 0.0515625
0 0.523046875 0.39140625 0.007421875 0.03984375
0 0.5390625 0.39140625 0.009765625 0.0484375
0 0.619921875 0.3828125 0.008203125 0.04296875
0 0.772265625 0.371875 0.007421875 0.03828125
0 0.77265625 0.371875 0.009375 0.0453125
0 0.78828125 0.39453125 0.021875 0.1078125
0 0.79765625 0.39609375 0.023828125 0.11796875
0 0.58046875 0.39921875 0.0140625 0.0703125
0 0.47421875 0.409375 0.013671875 0.0671875
0 0.45078125 0.40859375 0.01484375 0.0734375
0 0.442578125 0.41328125 0.01328125 0.0671875
0 0.387109375 0.396875 0.00859375 0.04609375
0 0.269921875 0.40703125 0.01015625 0.0515625
0 0.24921875 0.415625 0.01953125 0.0953125
0 0.13046875 0.434375 0.023828125 0.1203125
0 0.144921875 0.4328125 0.025 0.1234375
0 0.601953125 0.39453125 0.01015625 0.05078125
0 0.254296875 0.428125 0.01953125 0.09375
0 0.428515625 0.3953125 0.009375 0.01484375
0 0.528125 0.3796875 0.00703125 0.03125
0 0.59375 0.3953125 0.00859375 0.053125