0 0.48359375 0.4140625 0.00703125 0.03515625
0 0.121875 0.40703125 0.03359375 0.165625
0 0.055859375 0.40625 0.035546875 0.1734375
0 0.047265625 0.421875 0.043359375 0.2125
0 0.74140625 0.4 0.0140625 0.06953125
0 0.764453125 0.40234375 0.015234375 0.0765625
0 0.840234375 0.3953125 0.0140625 0.07109375
0 0.8296875 0.40703125 0.025 0.121875
0 0.815625 0.415625 0.0234375 0.11640625
0 0.8703125 0.4125 0.02265625 0.10859375
0 0.853515625 0.409375 0.02265625 0.1109375
0 0.8296875 0.42109375 0.021875 0.109375
0 0.898828125 0.43203125 0.059375 0.2921875