0 0.48125 0.34140625 0.003515625 0.01875
0 0.479296875 0.34453125 0.004296875 0.02265625
0 0.4859375 0.34375 0.00546875 0.02734375
0 0.492578125 0.34453125 0.003515625 0.01875
0 0.50390625 0.34453125 0.00390625 0.0203125
0 0.534765625 0.34140625 0.0046875 0.02421875
0 0.538671875 0.34453125 0.00546875 0.03046875
0 0.542578125 0.34765625 0.007421875 0.03515625
0 0.548046875 0.346875 0.007421875 0.0359375
0 0.551171875 0.34453125 0.007421875 0.0390625
0 0.5578125 0.3421875 0.00546875 0.02734375
0 0.562890625 0.346875 0.00625 0.034375
0 0.56796875 0.353125 0.009375 0.04765625
0 0.58203125 0.35078125 0.0109375 0.053125
0 0.64609375 0.3578125 0.01640625 0.084375
0 0.628515625 0.3625 0.01484375 0.0734375
0 0.792578125 0.42109375 0.044921875 0.2203125
0 0.76484375 0.43046875 0.05234375 0.2578125
0 0.446484375 0.34375 0.007421875 0.0390625
0 0.41953125 0.34296875 0.00703125 0.0359375
0 0.43671875 0.3453125 0.007421875 0.03828125
0 0.4140625 0.346875 0.0078125 0.03984375
0 0.426171875 0.340625 0.0078125 0.040625
0 0.34453125 0.3546875 0.01484375 0.0734375
0 0.359765625 0.35234375 0.015625 0.0765625
0 0.07890625 0.3984375 0.01953125 0.09765625
0 0.089453125 0.38359375 0.025 0.1234375
0 0.15546875 0.37421875 0.02734375 0.134375
0 0.19375 0.38125 0.023046875 0.1125
0 0.2390625 0.3578125 0.012109375 0.0625
0 0.498046875 0.35390625 0.009765625 0.04765625
0 0.179296875 0.35390625 0.021484375 0.10625
0 0.51796875 0.34296875 0.008203125 0.025