0 0.301171875 0.40546875 0.026953125 0.13359375
0 0.308984375 0.415625 0.0296875 0.146875
0 0.36171875 0.4125 0.03203125 0.1578125
0 0.476171875 0.40625 0.0125 0.0640625
0 0.478515625 0.4078125 0.01171875 0.05625
0 0.535546875 0.40625 0.00703125 0.03515625
0 0.538671875 0.4078125 0.007421875 0.0375
0 0.49453125 0.4015625 0.012109375 0.06171875
0 0.504296875 0.40703125 0.009375 0.04375
0 0.51484375 0.40703125 0.009375 0.04609375
0 0.50859375 0.40546875 0.009765625 0.05
0 0.526953125 0.40625 0.008203125 0.04296875
0 0.521875 0.4078125 0.0078125 0.03984375
0 0.53203125 0.40546875 0.00859375 0.04609375
0 0.5421875 0.40703125 0.008203125 0.040625
0 0.5453125 0.4109375 0.005859375 0.03125