0 0.35078125 0.3953125 0.011328125 0.05625
0 0.4796875 0.3921875 0.0109375 0.053125
0 0.003125 0.4 0.005859375 0.040625
0 0.01796875 0.39765625 0.008203125 0.0421875
0 0.0640625 0.4046875 0.0046875 0.025
0 0.185546875 0.4046875 0.015625 0.0796875
0 0.12421875 0.403125 0.01953125 0.09453125
0 0.1125 0.4078125 0.021875 0.10625
0 0.14296875 0.42109375 0.03046875 0.15
0 0.61953125 0.39453125 0.01484375 0.071875
0 0.272265625 0.42890625 0.019140625 0.09375
0 0.278125 0.425 0.02421875 0.12109375
0 0.256640625 0.4234375 0.025 0.121875
0 0.33046875 0.396875 0.0140625 0.06953125
0 0.90703125 0.4359375 0.043359375 0.2140625
0 0.244140625 0.39140625 0.0078125 0.03984375
0 0.077734375 0.4109375 0.009375 0.01953125