0 0.069921875 0.44609375 0.02890625 0.140625
0 0.12578125 0.45078125 0.042578125 0.21015625
0 0.108984375 0.45703125 0.0421875 0.2046875
0 0.56171875 0.37578125 0.00390625 0.0203125
0 0.55234375 0.37734375 0.003125 0.01640625
0 0.55625 0.39921875 0.007421875 0.0390625
0 0.559375 0.40546875 0.01015625 0.05078125
0 0.581640625 0.40546875 0.012109375 0.0609375
0 0.5890625 0.40546875 0.01015625 0.053125
0 0.6046875 0.39921875 0.012109375 0.0609375
0 0.595703125 0.41484375 0.01171875 0.059375
0 0.586328125 0.4109375 0.013671875 0.06640625
0 0.569921875 0.40703125 0.015625 0.078125
0 0.544140625 0.4234375 0.021875 0.10859375
0 0.619140625 0.39921875 0.00859375 0.0453125
0 0.623046875 0.40546875 0.01484375 0.071875
0 0.62890625 0.42109375 0.017578125 0.08671875
0 0.55234375 0.36796875 0.00078125 0.00703125
0 0.55234375 0.3859375 0.000390625 0.00390625
0 0.56328125 0.37109375 0.016015625 0.01953125