0 0.33125 0.4421875 0.019140625 0.09453125
0 0.35 0.43515625 0.019140625 0.09296875
0 0.6 0.44140625 0.009765625 0.0484375
0 0.58984375 0.44140625 0.009765625 0.046875
0 0.516015625 0.44375 0.00703125 0.03203125
0 0.535546875 0.44140625 0.008203125 0.040625
0 0.52265625 0.4421875 0.008203125 0.040625
0 0.49140625 0.446875 0.00625 0.03125
0 0.427734375 0.43359375 0.017578125 0.0875
0 0.2390625 0.4265625 0.05234375 0.25625
0 0.65078125 0.43125 0.0171875 0.0859375
0 0.68671875 0.4328125 0.0171875 0.0828125
0 0.76796875 0.425 0.019140625 0.09375
0 0.7515625 0.41796875 0.028125 0.140625
0 0.92265625 0.421875 0.040625 0.19921875
0 0.946484375 0.4234375 0.042578125 0.2078125
0 0.985546875 0.4203125 0.026953125 0.22578125
0 0.9546875 0.43671875 0.043359375 0.2140625
0 0.9109375 0.42578125 0.0484375 0.23828125
0 0.58046875 0.434375 0.01015625 0.0515625
0 0.3671875 0.41328125 0.0046875 0.00625
0 0.38359375 0.409375 0.01953125 0.0375
0 0.4203125 0.45 0.01015625 0.0421875
0 0.444921875 0.4484375 0.0234375 0.04375
0 0.544140625 0.440625 0.012109375 0.04296875
0 0.56640625 0.440625 0.017578125 0.046875
0 0.596484375 0.4234375 0.004296875 0.0125
0 0.60703125 0.43046875 0.00546875 0.040625
0 0.790625 0.3921875 0.00859375 0.02421875
0 0.80234375 0.396875 0.004296875 0.0125