0 0.174609375 0.42265625 0.011328125 0.05546875
0 0.066796875 0.42421875 0.019140625 0.09453125
0 0.05859375 0.42109375 0.02265625 0.1109375
0 0.080859375 0.42734375 0.019921875 0.10078125
0 0.03828125 0.41484375 0.02421875 0.121875
0 0.34453125 0.4140625 0.009765625 0.0484375
0 0.415234375 0.40078125 0.0171875 0.08515625
0 0.37421875 0.40546875 0.0296875 0.1484375
0 0.500390625 0.39375 0.01796875 0.0890625
0 0.497265625 0.3921875 0.019140625 0.09375
0 0.258203125 0.38984375 0.023828125 0.11875
0 0.3609375 0.4125 0.01015625 0.0546875