0 0.64140625 0.42265625 0.0109375 0.0546875
0 0.6265625 0.42265625 0.01875 0.0921875
0 0.6625 0.4359375 0.019140625 0.09453125
0 0.7015625 0.4359375 0.03828125 0.18671875
0 0.818359375 0.453125 0.0421875 0.20703125
0 0.802734375 0.44453125 0.05546875 0.27265625
0 0.84921875 0.4484375 0.03125 0.153125
0 0.8578125 0.4453125 0.046484375 0.2265625
0 0.897265625 0.4578125 0.0328125 0.1609375
0 0.8734375 0.4515625 0.05625 0.275
0 0.601171875 0.4265625 0.0375 0.1859375
0 0.11796875 0.4234375 0.03046875 0.14921875
0 0.191796875 0.42109375 0.030859375 0.15234375
0 0.973046875 0.4625 0.050390625 0.2484375
0 0.95234375 0.4546875 0.09140625 0.44453125