0 0.393359375 0.40234375 0.01015625 0.0484375
0 0.258984375 0.4234375 0.016015625 0.07890625
0 0.409375 0.39375 0.007421875 0.0375
0 0.400390625 0.409375 0.00703125 0.0328125
0 0.351171875 0.4171875 0.01328125 0.065625
0 0.272265625 0.4171875 0.0171875 0.08515625
0 0.2765625 0.42890625 0.0203125 0.10078125
0 0.223828125 0.4265625 0.021875 0.1078125
0 0.141015625 0.4375 0.025 0.125
0 0.152734375 0.4359375 0.025390625 0.12578125
0 0.481640625 0.3984375 0.003515625 0.01953125
0 0.51015625 0.39765625 0.004296875 0.02421875
0 0.549609375 0.4078125 0.009375 0.04609375
0 0.34609375 0.4234375 0.015625 0.07890625
0 0.320703125 0.421875 0.01875 0.0921875
0 0.453515625 0.4109375 0.0140625 0.0703125
0 0.62734375 0.41796875 0.029296875 0.14453125