0 0.080859375 0.44296875 0.02578125 0.128125
0 0.1359375 0.434375 0.02578125 0.128125
0 0.5671875 0.36875 0.001953125 0.01171875
0 0.499609375 0.3859375 0.00546875 0.02734375
0 0.50546875 0.38203125 0.005859375 0.03046875
0 0.3921875 0.40703125 0.01015625 0.05
0 0.4 0.41171875 0.0109375 0.05390625
0 0.40546875 0.4109375 0.0109375 0.05546875
0 0.37734375 0.41328125 0.012109375 0.0609375
0 0.3640625 0.415625 0.012109375 0.06171875
0 0.440625 0.4015625 0.008203125 0.0421875
0 0.430078125 0.4046875 0.00859375 0.04296875
0 0.173046875 0.42734375 0.021875 0.10859375
0 0.193359375 0.4265625 0.0203125 0.1015625
0 0.196875 0.4328125 0.01953125 0.0953125
0 0.17265625 0.43359375 0.02265625 0.1109375
0 0.181640625 0.4359375 0.021484375 0.1078125
0 0.616796875 0.378125 0.00390625 0.0203125
0 0.702734375 0.3984375 0.012109375 0.0609375
0 0.759375 0.4109375 0.030859375 0.1515625
0 0.802734375 0.415625 0.029296875 0.14375
0 0.558984375 0.36796875 0.003515625 0.0171875
0 0.437109375 0.41796875 0.01171875 0.05625
0 0.599609375 0.39921875 0.00859375 0.04375