0 0.453515625 0.43125 0.012109375 0.0625
0 0.46796875 0.43125 0.01171875 0.05546875
0 0.65859375 0.4109375 0.004296875 0.02265625
0 0.56640625 0.43203125 0.0125 0.06328125
0 0.61484375 0.43671875 0.0140625 0.07109375
0 0.665625 0.4375 0.0109375 0.053125
0 0.681640625 0.42578125 0.0125 0.0640625
0 0.68828125 0.4234375 0.01484375 0.071875
0 0.70703125 0.4265625 0.017578125 0.0890625
0 0.696875 0.42890625 0.015625 0.0765625
0 0.719140625 0.4328125 0.0140625 0.07109375
0 0.890234375 0.43828125 0.05234375 0.2578125