0 0.183203125 0.3765625 0.003125 0.015625
0 0.12890625 0.365625 0.0078125 0.0390625
0 0.019140625 0.37578125 0.01796875 0.08984375
0 0.0828125 0.36640625 0.01328125 0.0671875
0 0.11953125 0.365625 0.008203125 0.03984375
0 0.125390625 0.365625 0.00859375 0.0421875
0 0.13359375 0.365625 0.0078125 0.03828125
0 0.13984375 0.36875 0.00546875 0.0296875
0 0.14375 0.36640625 0.008203125 0.0390625
0 0.14921875 0.36953125 0.009375 0.04765625
0 0.153125 0.4140625 0.0265625 0.13125
0 0.239453125 0.365625 0.0140625 0.06953125
0 0.259765625 0.3671875 0.013671875 0.0703125
0 0.360546875 0.40625 0.031640625 0.15625
0 0.347265625 0.40546875 0.03515625 0.171875
0 0.366796875 0.43359375 0.025390625 0.1265625
0 0.663671875 0.40390625 0.030859375 0.153125
0 0.80625 0.428125 0.054296875 0.265625
0 0.875 0.4359375 0.05 0.2453125
0 0.914453125 0.440625 0.046484375 0.22734375
0 0.703515625 0.365625 0.01015625 0.0515625
0 0.698046875 0.3640625 0.011328125 0.0578125
0 0.19609375 0.37890625 0.001953125 0.01171875