0 0.46015625 0.39921875 0.003515625 0.01875
0 0.4703125 0.4015625 0.003125 0.0171875
0 0.586328125 0.39375 0.00703125 0.0359375
0 0.766796875 0.4203125 0.031640625 0.15546875
0 0.791015625 0.41953125 0.037109375 0.1828125
0 0.826953125 0.41328125 0.03671875 0.18125
0 0.175 0.37578125 0.00703125 0.0328125
0 0.182421875 0.378125 0.00625 0.03203125
0 0.18671875 0.378125 0.005859375 0.03125
0 0.201171875 0.384375 0.00703125 0.03515625
0 0.215234375 0.38125 0.00703125 0.034375
0 0.2546875 0.384375 0.0078125 0.0390625
0 0.29921875 0.384375 0.0078125 0.03828125
0 0.305859375 0.38203125 0.008203125 0.04296875
0 0.3140625 0.37890625 0.009765625 0.0484375
0 0.3296875 0.3828125 0.0078125 0.040625
0 0.37265625 0.384375 0.008203125 0.040625
0 0.401171875 0.39140625 0.008203125 0.0421875
0 0.41328125 0.3859375 0.0078125 0.03984375
0 0.4359375 0.38984375 0.00625 0.0328125