0 0.5765625 0.37890625 0.01015625 0.05078125
0 0.76015625 0.378125 0.0109375 0.05390625
0 0.7765625 0.3890625 0.005859375 0.03046875
0 0.804296875 0.375 0.01640625 0.08203125
0 0.820703125 0.37421875 0.0171875 0.0859375
0 0.805859375 0.37578125 0.016015625 0.0796875
0 0.796484375 0.37578125 0.01953125 0.09765625
0 0.81171875 0.38203125 0.01796875 0.0875
0 0.680078125 0.38984375 0.00625 0.03203125
0 0.917578125 0.41015625 0.039453125 0.19375
0 0.89140625 0.41015625 0.04140625 0.2015625
0 0.52265625 0.41484375 0.042578125 0.20703125
0 0.703515625 0.39765625 0.04921875 0.24140625
0 0.47890625 0.40703125 0.04453125 0.21875
0 0.73359375 0.4078125 0.04765625 0.2328125
0 0.42421875 0.3953125 0.030859375 0.153125
0 0.35625 0.3921875 0.034765625 0.17109375
0 0.01875 0.43984375 0.0375 0.2609375
0 0.547265625 0.371875 0.017578125 0.08671875
0 0.601171875 0.3765625 0.012109375 0.06171875
0 0.58359375 0.38203125 0.00859375 0.04609375
0 0.65625 0.39375 0.0046875 0.02421875