0 0.5265625 0.3734375 0.003515625 0.0171875
0 0.519140625 0.37734375 0.003515625 0.0203125
0 0.5140625 0.371875 0.00234375 0.0140625
0 0.488671875 0.38203125 0.005859375 0.0296875
0 0.4828125 0.38359375 0.0046875 0.0265625
0 0.555859375 0.38671875 0.00546875 0.02734375
0 0.562890625 0.3828125 0.004296875 0.021875
0 0.576953125 0.38984375 0.003515625 0.0203125
0 0.58046875 0.3875 0.004296875 0.0234375
0 0.58984375 0.41015625 0.0078125 0.040625
0 0.5984375 0.409375 0.008203125 0.0421875
0 0.594140625 0.4265625 0.01328125 0.065625
0 0.605078125 0.43515625 0.00859375 0.04375
0 0.5671875 0.42734375 0.01953125 0.096875
0 0.6703125 0.4328125 0.015234375 0.0765625
0 0.725 0.4359375 0.017578125 0.08671875
0 0.759375 0.440625 0.015625 0.078125
0 0.7875 0.440625 0.02421875 0.1203125
0 0.85625 0.44296875 0.01328125 0.065625
0 0.809375 0.44609375 0.023828125 0.11796875
0 0.846875 0.45 0.023828125 0.11875
0 0.9328125 0.4625 0.03984375 0.1953125
0 0.989453125 0.47890625 0.019140625 0.175
0 0.51640625 0.428125 0.01796875 0.08984375
0 0.48515625 0.42578125 0.01875 0.0921875
0 0.38203125 0.415625 0.01015625 0.05078125
0 0.39609375 0.41484375 0.01171875 0.059375
0 0.38828125 0.41484375 0.01171875 0.05859375
0 0.2640625 0.4171875 0.0234375 0.11640625
0 0.3 0.41484375 0.02734375 0.1359375
0 0.271875 0.41796875 0.027734375 0.1390625
0 0.45 0.434375 0.016015625 0.0796875
0 0.319140625 0.42265625 0.025 0.121875
0 0.53203125 0.38359375 0.00390625 0.02265625
0 0.4390625 0.39921875 0.007421875 0.0359375
0 0.351171875 0.3953125 0.02421875 0.0328125
0 0.41953125 0.3921875 0.0015625 0.0203125
0 0.42734375 0.396875 0.0078125 0.040625
0 0.641796875 0.4234375 0.009375 0.01640625
0 0.653125 0.42265625 0.01171875 0.01953125
0 0.684765625 0.4328125 0.0140625 0.03515625