0 0.528125 0.415625 0.004296875 0.0234375
0 0.5734375 0.4359375 0.00546875 0.02734375
0 0.5796875 0.43125 0.004296875 0.0234375
0 0.5875 0.434375 0.00625 0.03203125
0 0.624609375 0.421875 0.01484375 0.07421875
0 0.646875 0.425 0.012109375 0.0625
0 0.63046875 0.42421875 0.013671875 0.06953125
0 0.637109375 0.4234375 0.0140625 0.07109375
0 0.653125 0.4203125 0.01484375 0.07109375
0 0.704296875 0.41796875 0.015234375 0.07421875
0 0.690234375 0.4140625 0.01796875 0.08984375
0 0.71640625 0.41640625 0.01484375 0.075
0 0.71875 0.41875 0.015625 0.07734375
0 0.726171875 0.41328125 0.019921875 0.10078125
0 0.733984375 0.4171875 0.01953125 0.0984375
0 0.987890625 0.4234375 0.021875 0.13203125
0 0.916796875 0.41875 0.027734375 0.13671875
0 0.9734375 0.4265625 0.0265625 0.13203125
0 0.97109375 0.440625 0.0265625 0.1296875
0 0.941796875 0.4296875 0.028125 0.1390625
0 0.9421875 0.4296875 0.03359375 0.165625
0 0.908984375 0.440625 0.0296875 0.146875
0 0.455078125 0.4328125 0.0078125 0.0390625
0 0.459765625 0.4328125 0.007421875 0.0375
0 0.44453125 0.4328125 0.00390625 0.021875
0 0.46796875 0.43125 0.009375 0.04609375
0 0.448828125 0.434375 0.007421875 0.03828125
0 0.439453125 0.42890625 0.009765625 0.04765625
0 0.426171875 0.42890625 0.00859375 0.04609375
0 0.41875 0.43359375 0.00703125 0.0328125
0 0.4125 0.4359375 0.00703125 0.0328125
0 0.31953125 0.409375 0.04609375 0.2234375
0 0.34609375 0.4078125 0.0515625 0.25390625
0 0.3359375 0.41328125 0.056640625 0.2796875
0 0.21953125 0.42578125 0.066796875 0.328125
0 0.70078125 0.4171875 0.0171875 0.08515625
0 0.665625 0.4109375 0.0203125 0.10234375
0 0.746875 0.4 0.02109375 0.1046875
0 0.773046875 0.39765625 0.0203125 0.103125
0 0.819921875 0.3953125 0.023828125 0.11796875
0 0.521875 0.41484375 0.005859375 0.015625
0 0.542578125 0.4140625 0.00546875 0.015625
0 0.554296875 0.4140625 0.01171875 0.015625
0 0.5578125 0.4390625 0.00390625 0.025
0 0.56640625 0.4234375 0.009765625 0.03203125
0 0.562109375 0.4484375 0.0015625 0.0078125