0 0.50859375 0.42734375 0.008203125 0.0421875
0 0.48984375 0.4359375 0.01015625 0.05078125
0 0.50078125 0.42890625 0.007421875 0.03828125
0 0.48359375 0.43203125 0.011328125 0.05546875
0 0.45078125 0.44375 0.01484375 0.071875
0 0.196484375 0.465625 0.039453125 0.19375
0 0.245703125 0.46796875 0.040625 0.19921875
0 0.04921875 0.459375 0.05859375 0.2875
0 0.466015625 0.4375 0.01328125 0.0640625
0 0.543359375 0.421875 0.00546875 0.02734375
0 0.65859375 0.4265625 0.01171875 0.05859375
0 0.750390625 0.4546875 0.03359375 0.16484375
0 0.551171875 0.41640625 0.00390625 0.02265625
0 0.750390625 0.4375 0.04296875 0.2109375