0 0.075 0.39765625 0.017578125 0.08671875
0 0.0828125 0.4 0.01640625 0.084375
0 0.15390625 0.403125 0.016015625 0.08203125
0 0.15 0.4046875 0.015234375 0.075
0 0.162109375 0.39765625 0.01484375 0.0734375
0 0.246484375 0.4078125 0.011328125 0.05546875
0 0.21953125 0.45078125 0.06171875 0.3
0 0.267578125 0.40625 0.01171875 0.05859375
0 0.337890625 0.4125 0.00859375 0.04296875
0 0.39296875 0.415625 0.00625 0.0328125
0 0.460546875 0.41171875 0.0203125 0.10078125
0 0.95546875 0.4625 0.0234375 0.1171875