0 0.063671875 0.4046875 0.02109375 0.10234375
0 0.040234375 0.42265625 0.04453125 0.2171875
0 0.181640625 0.40625 0.04375 0.2171875
0 0.28671875 0.409375 0.04140625 0.20625
0 0.2546875 0.4078125 0.044921875 0.2203125
0 0.36953125 0.42109375 0.04609375 0.225
0 0.84140625 0.3890625 0.03359375 0.165625
0 0.808984375 0.3984375 0.031640625 0.15625
0 0.84296875 0.3953125 0.03828125 0.1875
0 0.887109375 0.38671875 0.0375 0.1859375
0 0.965234375 0.3984375 0.03125 0.1546875
0 0.40234375 0.42578125 0.04375 0.21484375