0 0.40625 0.41015625 0.009765625 0.05078125
0 0.4125 0.4109375 0.0109375 0.05390625
0 0.448828125 0.409375 0.0109375 0.05390625
0 0.44765625 0.4078125 0.0109375 0.0546875
0 0.4546875 0.4109375 0.00859375 0.04609375
0 0.459375 0.4078125 0.009765625 0.05078125
0 0.4640625 0.40546875 0.01015625 0.0515625
0 0.46796875 0.40703125 0.01015625 0.053125
0 0.68203125 0.428125 0.029296875 0.1421875
0 0.4515625 0.41328125 0.01171875 0.0578125
0 0.659765625 0.41796875 0.025 0.1234375
0 0.673046875 0.428125 0.02578125 0.12890625
0 0.558984375 0.4125 0.0078125 0.0390625
0 0.56875 0.41328125 0.011328125 0.05625
0 0.5796875 0.409375 0.00859375 0.0453125
0 0.58671875 0.409375 0.00859375 0.04375
0 0.7421875 0.42421875 0.029296875 0.1453125
0 0.592578125 0.41015625 0.011328125 0.05625
0 0.600390625 0.41171875 0.011328125 0.0578125
0 0.615625 0.41953125 0.019140625 0.09296875
0 0.669140625 0.43125 0.02890625 0.14140625
0 0.64453125 0.434375 0.033203125 0.16328125
0 0.733984375 0.42890625 0.030859375 0.1515625
0 0.7046875 0.42734375 0.0328125 0.1609375
0 0.6890625 0.42109375 0.0359375 0.17890625
0 0.712890625 0.43125 0.029296875 0.1421875
0 0.754296875 0.434375 0.03125 0.153125
0 0.726953125 0.42421875 0.03359375 0.16484375
0 0.775 0.42578125 0.035546875 0.17578125
0 0.316015625 0.41875 0.025 0.12421875
0 0.344140625 0.4203125 0.021875 0.11015625
0 0.40859375 0.409375 0.009765625 0.05
0 0.42265625 0.38984375 0.0140625 0.0078125