0 0.69140625 0.4109375 0.01640625 0.08203125
0 0.677734375 0.41328125 0.015625 0.078125
0 0.67109375 0.4140625 0.01640625 0.08203125
0 0.498828125 0.40546875 0.02109375 0.10234375
0 0.603125 0.41484375 0.0140625 0.0703125
0 0.55625 0.4109375 0.02109375 0.1046875
0 0.593359375 0.4078125 0.0171875 0.08515625
0 0.584765625 0.40859375 0.023046875 0.1125
0 0.613671875 0.4125 0.013671875 0.06875
0 0.60859375 0.40703125 0.017578125 0.0859375
0 0.630859375 0.4109375 0.01640625 0.0796875
0 0.64140625 0.41171875 0.01640625 0.0828125
0 0.65 0.43203125 0.007421875 0.03828125
0 0.656640625 0.41484375 0.015234375 0.0765625