0 0.5484375 0.3796875 0.00859375 0.04375
0 0.55859375 0.375 0.01484375 0.071875
0 0.594140625 0.37578125 0.01015625 0.053125
0 0.61015625 0.375 0.0109375 0.0546875
0 0.602734375 0.38046875 0.0140625 0.07109375
0 0.618359375 0.37890625 0.0140625 0.0703125
0 0.663671875 0.3875 0.01796875 0.08984375
0 0.64453125 0.38984375 0.03046875 0.1484375
0 0.686328125 0.39375 0.019921875 0.1
0 0.671875 0.3984375 0.0265625 0.12890625
0 0.728515625 0.37578125 0.025390625 0.12578125
0 0.709765625 0.38125 0.025 0.12421875
0 0.746875 0.39375 0.041015625 0.20234375
0 0.80390625 0.38984375 0.037109375 0.1828125
0 0.785546875 0.3921875 0.039453125 0.19453125
0 0.57109375 0.3765625 0.015625 0.0375