0 0.56015625 0.3890625 0.0078125 0.0390625
0 0.632421875 0.37578125 0.0078125 0.0390625
0 0.636328125 0.38046875 0.007421875 0.0359375
0 0.66640625 0.378125 0.00859375 0.04375
0 0.67578125 0.37734375 0.00859375 0.04375
0 0.67265625 0.38828125 0.01015625 0.0515625
0 0.7734375 0.434375 0.0265625 0.13125
0 0.7671875 0.4484375 0.0375 0.18359375
0 0.751171875 0.44609375 0.035546875 0.175
0 0.821875 0.4203125 0.02265625 0.11015625
0 0.98828125 0.43046875 0.021484375 0.14921875
0 0.5171875 0.38984375 0.01015625 0.0515625
0 0.41875 0.38203125 0.007421875 0.0375
0 0.4234375 0.3921875 0.008203125 0.03984375
0 0.411328125 0.3859375 0.008203125 0.040625
0 0.40625 0.3953125 0.01171875 0.05859375
0 0.37734375 0.38984375 0.011328125 0.05625
0 0.380078125 0.39140625 0.01015625 0.053125
0 0.389453125 0.403125 0.0140625 0.0703125
0 0.351953125 0.39140625 0.009765625 0.05
0 0.3609375 0.39140625 0.013671875 0.06875
0 0.343359375 0.44375 0.03671875 0.1796875
0 0.31328125 0.3671875 0.009765625 0.0484375
0 0.291015625 0.38359375 0.00859375 0.04296875
0 0.278515625 0.3671875 0.008203125 0.040625
0 0.280078125 0.43046875 0.02578125 0.128125
0 0.250390625 0.43046875 0.02578125 0.1296875
0 0.20625 0.38046875 0.015625 0.07734375
0 0.162890625 0.44453125 0.0328125 0.1625
0 0.144921875 0.4890625 0.06484375 0.3171875
0 0.226171875 0.5375 0.030859375 0.1515625
0 0.341796875 0.46875 0.056640625 0.275
0 0.296484375 0.46796875 0.0671875 0.32890625
0 0.51796875 0.4328125 0.0265625 0.12890625
0 0.53203125 0.4328125 0.034765625 0.1703125
0 0.5484375 0.44453125 0.048828125 0.23828125
0 0.54921875 0.46015625 0.04453125 0.21953125
0 0.725 0.5578125 0.1171875 0.575
0 0.87734375 0.46796875 0.094140625 0.4609375
0 0.887109375 0.475 0.10234375 0.5015625
0 0.450390625 0.38125 0.038671875 0.0328125