0 0.421875 0.42734375 0.005859375 0.03046875
0 0.286328125 0.4390625 0.007421875 0.03828125
0 0.267578125 0.4390625 0.00859375 0.0453125
0 0.228125 0.44609375 0.0109375 0.05546875
0 0.219140625 0.440625 0.01328125 0.065625
0 0.2046875 0.4390625 0.01015625 0.05
0 0.04453125 0.43359375 0.0125 0.0640625
0 0.02265625 0.46015625 0.02421875 0.11875
0 0.637109375 0.42265625 0.0109375 0.05546875
0 0.66171875 0.415625 0.01171875 0.05625
0 0.754296875 0.42109375 0.023046875 0.11328125
0 0.687109375 0.43046875 0.02109375 0.10234375
0 0.580859375 0.490625 0.0875 0.428125
0 0.723828125 0.403125 0.031640625 0.06328125