0 0.64140625 0.38203125 0.01171875 0.05859375
0 0.650390625 0.38125 0.01171875 0.05859375
0 0.691015625 0.38125 0.0109375 0.053125
0 0.767578125 0.40546875 0.01953125 0.0953125
0 0.798828125 0.39609375 0.01953125 0.09453125
0 0.803515625 0.42734375 0.025 0.121875
0 0.7984375 0.42421875 0.026953125 0.13203125
0 0.70546875 0.43203125 0.0296875 0.1453125
0 0.70859375 0.43125 0.034375 0.16796875
0 0.935546875 0.4171875 0.025390625 0.12578125
0 0.973828125 0.43125 0.050390625 0.2515625
0 0.98515625 0.45 0.027734375 0.23046875
0 0.9703125 0.4890625 0.0578125 0.3125
0 0.669921875 0.45390625 0.06328125 0.30859375
0 0.425390625 0.37734375 0.00859375 0.04375
0 0.417578125 0.38125 0.0078125 0.040625
0 0.39609375 0.3734375 0.008203125 0.03984375
0 0.40859375 0.38125 0.01015625 0.0515625
0 0.398046875 0.39296875 0.011328125 0.05546875
0 0.384765625 0.39140625 0.0125 0.06328125
0 0.5015625 0.43046875 0.0421875 0.2046875
0 0.504296875 0.44296875 0.04140625 0.20234375
0 0.5265625 0.48984375 0.07734375 0.3796875
0 0.56875 0.571875 0.04765625 0.23359375
0 0.57265625 0.4953125 0.08046875 0.39453125
0 0.28984375 0.3796875 0.0078125 0.03984375
0 0.019921875 0.440625 0.03828125 0.1875
0 0.0875 0.44140625 0.03515625 0.1734375
0 0.225 0.4671875 0.01875 0.0921875
0 0.253515625 0.42734375 0.02734375 0.13359375
0 0.246875 0.47109375 0.0203125 0.10078125
0 0.35703125 0.5046875 0.11015625 0.53828125
0 0.312890625 0.54453125 0.111328125 0.54375
0 0.429296875 0.3765625 0.00234375 0.0328125
0 0.45 0.3734375 0.03359375 0.03125
0 0.473046875 0.36640625 0.0078125 0.01953125