0 0.4484375 0.2859375 0.008203125 0.0421875
0 0.51875 0.28515625 0.01015625 0.05078125
0 0.610546875 0.2890625 0.009375 0.046875
0 0.61953125 0.28515625 0.01015625 0.05078125
0 0.31484375 0.32109375 0.01953125 0.096875
0 0.2375 0.37578125 0.040625 0.2
0 0.218359375 0.3890625 0.03828125 0.18828125
0 0.139453125 0.4140625 0.0453125 0.22265625
0 0.648828125 0.3453125 0.01953125 0.09765625
0 0.351953125 0.32109375 0.003125 0.05
0 0.357421875 0.2875 0.001953125 0.0015625
0 0.362890625 0.28984375 0.001953125 0.00703125
0 0.36796875 0.30859375 0.003515625 0.0140625
0 0.36953125 0.38359375 0.000390625 0.00390625