0 0.51328125 0.38203125 0.003515625 0.01875
0 0.50625 0.38046875 0.0046875 0.02421875
0 0.4890625 0.38203125 0.0046875 0.0234375
0 0.49453125 0.38828125 0.005859375 0.03046875
0 0.41796875 0.3890625 0.00859375 0.04609375
0 0.401171875 0.3875 0.008203125 0.0421875
0 0.406640625 0.38984375 0.009765625 0.05
0 0.31171875 0.3875 0.01171875 0.0578125
0 0.3375 0.39765625 0.0125 0.0625
0 0.339453125 0.39765625 0.013671875 0.06953125
0 0.316015625 0.40234375 0.0140625 0.0703125
0 0.305078125 0.3953125 0.015234375 0.0765625
0 0.23515625 0.3609375 0.015234375 0.07421875
0 0.27578125 0.39375 0.01875 0.0921875
0 0.23359375 0.3796875 0.015234375 0.075
0 0.208203125 0.44140625 0.034765625 0.171875
0 0.2234375 0.43828125 0.038671875 0.18828125
0 0.19140625 0.4421875 0.037109375 0.18125
0 0.065625 0.43828125 0.058203125 0.2875
0 0.1140625 0.4484375 0.0453125 0.22265625
0 0.16875 0.4984375 0.08046875 0.39375
0 0.135546875 0.521875 0.0765625 0.375
0 0.5625 0.3921875 0.0078125 0.03984375
0 0.5578125 0.39140625 0.00859375 0.04375
0 0.67109375 0.38515625 0.0109375 0.05546875
0 0.78515625 0.40234375 0.021484375 0.10546875
0 0.94765625 0.4078125 0.02734375 0.1359375
0 0.969140625 0.40546875 0.033203125 0.16484375
0 0.8265625 0.49296875 0.076171875 0.3734375
0 0.73984375 0.50234375 0.109765625 0.53984375
0 0.6421875 0.51640625 0.1 0.4890625
0 0.543359375 0.44453125 0.0375 0.184375
0 0.39375 0.51875 0.078125 0.38125
0 0.4328125 0.503125 0.089453125 0.4375
0 0.3765625 0.525 0.105078125 0.5140625
0 0.4703125 0.53828125 0.094140625 0.4625
0 0.253125 0.446875 0.0359375 0.17890625
0 0.265625 0.4 0.00390625 0.0375
0 0.292578125 0.3921875 0.01640625 0.03828125