0 0.167578125 0.4515625 0.004296875 0.0203125
0 0.175 0.45390625 0.00390625 0.021875
0 0.228125 0.446875 0.00625 0.03203125
0 0.3328125 0.44296875 0.01015625 0.0515625
0 0.3671875 0.44921875 0.00859375 0.04296875
0 0.38359375 0.4390625 0.012109375 0.0609375
0 0.54609375 0.4453125 0.015234375 0.0765625
0 0.600390625 0.4421875 0.0171875 0.084375
0 0.2484375 0.46171875 0.0640625 0.3125
0 0.305078125 0.51484375 0.07890625 0.38671875
0 0.284765625 0.5 0.090625 0.4453125
0 0.684375 0.45 0.017578125 0.0859375
0 0.67421875 0.4484375 0.01796875 0.0890625
0 0.6625 0.44921875 0.0171875 0.0859375
0 0.63671875 0.45234375 0.01484375 0.07109375
0 0.62265625 0.446875 0.01640625 0.08203125
0 0.401953125 0.43515625 0.01328125 0.065625
0 0.153125 0.4546875 0.01328125 0.0296875