0 0.4828125 0.440625 0.00859375 0.04296875
0 0.491015625 0.4390625 0.008203125 0.04296875
0 0.49453125 0.44140625 0.009765625 0.046875
0 0.5109375 0.43828125 0.0078125 0.03828125
0 0.512109375 0.4421875 0.0078125 0.0390625
0 0.52109375 0.43984375 0.009765625 0.04765625
0 0.52578125 0.43828125 0.01015625 0.05078125
0 0.413671875 0.440625 0.011328125 0.0546875
0 0.425 0.4328125 0.008203125 0.04375
0 0.276953125 0.446875 0.039453125 0.19453125
0 0.2015625 0.4234375 0.02109375 0.103125
0 0.187109375 0.43046875 0.02109375 0.1015625
0 0.146875 0.43125 0.02421875 0.1203125
0 0.3359375 0.46015625 0.0390625 0.19140625
0 0.58125 0.4390625 0.0203125 0.1015625
0 0.597265625 0.4375 0.016015625 0.078125
0 0.615234375 0.43828125 0.013671875 0.06875
0 0.82890625 0.475 0.0703125 0.34375
0 0.875 0.46875 0.06953125 0.33984375
0 0.56796875 0.43046875 0.0109375 0.0546875
0 0.43671875 0.4265625 0.01015625 0.015625
0 0.444921875 0.43046875 0.001953125 0.00703125
0 0.450390625 0.4296875 0.003515625 0.00625
0 0.46796875 0.43359375 0.02734375 0.021875
0 0.464453125 0.45390625 0.015234375 0.0140625
0 0.45859375 0.4578125 0.003125 0.003125
0 0.476171875 0.46015625 0.00078125 0.0015625
0 0.4875 0.4359375 0.00234375 0.021875