0 0.480859375 0.4171875 0.004296875 0.021875
0 0.483984375 0.415625 0.0046875 0.02421875
0 0.491796875 0.41484375 0.00390625 0.021875
0 0.487890625 0.415625 0.003515625 0.0171875
0 0.523828125 0.41328125 0.005859375 0.0296875
0 0.537109375 0.42265625 0.015625 0.078125
0 0.550390625 0.4234375 0.015234375 0.0765625
0 0.9546875 0.378125 0.02109375 0.103125
0 0.293359375 0.43359375 0.012109375 0.0609375
0 0.11015625 0.4484375 0.0234375 0.115625
0 0.3046875 0.4359375 0.0109375 0.053125
0 0.454296875 0.41484375 0.02890625 0.0234375