0 0.405859375 0.39765625 0.01328125 0.065625
0 0.3734375 0.3953125 0.01484375 0.071875
0 0.351953125 0.42265625 0.01875 0.09375
0 0.390234375 0.4265625 0.0203125 0.1015625
0 0.63203125 0.3828125 0.015625 0.0765625
0 0.74921875 0.45 0.03984375 0.19609375
0 0.2296875 0.4640625 0.05078125 0.24921875
0 0.283984375 0.4625 0.04921875 0.24140625
0 0.947265625 0.5421875 0.103515625 0.5421875
0 0.488671875 0.453125 0.066796875 0.328125
0 0.421875 0.39453125 0.013671875 0.0765625
0 0.437109375 0.39921875 0.0078125 0.0671875