0 0.477734375 0.4328125 0.003515625 0.01640625
0 0.348046875 0.4390625 0.02265625 0.11015625
0 0.324609375 0.4453125 0.01796875 0.0921875
0 0.296484375 0.45234375 0.0265625 0.13125
0 0.2640625 0.45078125 0.02734375 0.1359375
0 0.225 0.459375 0.034375 0.16875
0 0.18984375 0.46640625 0.031640625 0.15546875
0 0.15 0.4578125 0.03515625 0.17265625
0 0.553125 0.4328125 0.0046875 0.02421875
0 0.558984375 0.434375 0.004296875 0.02265625
0 0.406640625 0.4421875 0.011328125 0.05625
0 0.39609375 0.440625 0.012109375 0.0625
0 0.43984375 0.440625 0.0109375 0.05390625