0 0.529296875 0.428125 0.0078125 0.0421875
0 0.462890625 0.425 0.005859375 0.0296875
0 0.458203125 0.428125 0.008203125 0.04296875
0 0.452734375 0.42734375 0.00703125 0.034375
0 0.444921875 0.4265625 0.00625 0.0328125
0 0.39609375 0.4296875 0.01328125 0.0640625
0 0.39140625 0.4328125 0.011328125 0.05859375
0 0.37734375 0.4296875 0.0109375 0.0546875
0 0.362109375 0.4296875 0.012109375 0.0609375
0 0.36796875 0.42578125 0.01484375 0.071875
0 0.358984375 0.434375 0.0140625 0.0703125
0 0.350390625 0.440625 0.026953125 0.134375
0 0.1921875 0.4265625 0.0203125 0.1015625
0 0.18359375 0.43359375 0.0234375 0.1171875
0 0.028125 0.47734375 0.05625 0.3
0 0.694921875 0.43359375 0.016015625 0.0796875
0 0.675 0.43046875 0.013671875 0.06875
0 0.8875 0.4359375 0.021875 0.109375
0 0.88203125 0.44375 0.02265625 0.1109375
0 0.835546875 0.43828125 0.023046875 0.1125
0 0.823046875 0.4359375 0.030859375 0.15
0 0.83828125 0.44140625 0.029296875 0.14453125
0 0.90390625 0.43046875 0.0265625 0.1296875
0 0.324609375 0.46171875 0.0375 0.184375
0 0.328515625 0.45859375 0.04140625 0.20234375
0 0.42734375 0.459375 0.039453125 0.1953125
0 0.47109375 0.46015625 0.03984375 0.1953125
0 0.21171875 0.425 0.02265625 0.1109375
0 0.6109375 0.425 0.01875 0.0328125
0 0.625 0.42734375 0.0046875 0.028125
0 0.64609375 0.421875 0.034765625 0.053125
0 0.667578125 0.421875 0.0046875 0.040625