0 0.6109375 0.4265625 0.0078125 0.03984375
0 0.634765625 0.4625 0.029296875 0.14375
0 0.57265625 0.4421875 0.012109375 0.06171875
0 0.498828125 0.43828125 0.01015625 0.05078125
0 0.511328125 0.45234375 0.01796875 0.0890625
0 0.5375 0.44609375 0.0140625 0.0703125
0 0.480859375 0.4515625 0.02109375 0.10234375
0 0.48671875 0.46171875 0.027734375 0.13671875
0 0.45625 0.4546875 0.025 0.1234375
0 0.427734375 0.45390625 0.025390625 0.125
0 0.30703125 0.465625 0.048828125 0.23828125
0 0.053515625 0.534375 0.10703125 0.63125
0 0.92421875 0.55859375 0.098046875 0.478125
0 0.58359375 0.44140625 0.01484375 0.071875
0 0.528125 0.45 0.01875 0.0921875