0 0.73125 0.38359375 0.008203125 0.040625
0 0.755859375 0.39140625 0.0078125 0.040625
0 0.75234375 0.3875 0.011328125 0.0578125
0 0.770703125 0.3890625 0.009375 0.04609375
0 0.764453125 0.390625 0.008203125 0.040625
0 0.8015625 0.38359375 0.009765625 0.0484375
0 0.80703125 0.38984375 0.01171875 0.05859375
0 0.8171875 0.38671875 0.012109375 0.0609375
0 0.3296875 0.43671875 0.051171875 0.25078125
0 0.2953125 0.44609375 0.051171875 0.2515625
0 0.2703125 0.45 0.05234375 0.25859375
0 0.85859375 0.38984375 0.012109375 0.0609375
0 0.848828125 0.3859375 0.012109375 0.0625
0 0.8875 0.40078125 0.015625 0.07734375
0 0.8671875 0.39765625 0.015625 0.0796875