0 0.516015625 0.3703125 0.012109375 0.0625
0 0.53984375 0.36015625 0.005859375 0.03125
0 0.54609375 0.36484375 0.00859375 0.04375
0 0.553515625 0.3640625 0.008203125 0.04296875
0 0.542578125 0.371875 0.01171875 0.0609375
0 0.5265625 0.3921875 0.02265625 0.11015625
0 0.51796875 0.39609375 0.021875 0.10859375
0 0.3859375 0.3875 0.021484375 0.1078125
0 0.404296875 0.39453125 0.0203125 0.1
0 0.22578125 0.47734375 0.068359375 0.3359375
0 0.246875 0.4609375 0.08359375 0.41015625
0 0.5765625 0.36328125 0.008203125 0.04296875
0 0.571875 0.37265625 0.011328125 0.05546875
0 0.575390625 0.3765625 0.009375 0.046875
0 0.601953125 0.36953125 0.0125 0.06328125
0 0.608984375 0.37265625 0.01171875 0.0578125
0 0.590234375 0.3765625 0.0109375 0.05390625
0 0.5953125 0.37265625 0.012109375 0.06171875
0 0.63671875 0.37421875 0.01640625 0.08125
0 0.706640625 0.4125 0.023046875 0.115625
0 0.901953125 0.4484375 0.059375 0.2921875
0 0.533203125 0.37109375 0.013671875 0.06875