0 0.53828125 0.37890625 0.01796875 0.08984375
0 0.54609375 0.4078125 0.02421875 0.1203125
0 0.3484375 0.4 0.029296875 0.1453125
0 0.331640625 0.40078125 0.03046875 0.14765625
0 0.386328125 0.4046875 0.027734375 0.1375
0 0.40625 0.4109375 0.0265625 0.12890625
0 0.51640625 0.4046875 0.0265625 0.13203125
0 0.45078125 0.425 0.03125 0.1546875
0 0.651171875 0.41796875 0.043359375 0.21484375
0 0.6234375 0.43203125 0.039453125 0.19453125
0 0.77109375 0.46328125 0.0671875 0.32890625
0 0.95390625 0.459375 0.090234375 0.4671875