0 0.29375 0.43671875 0.0171875 0.08515625
0 0.70546875 0.38984375 0.003125 0.015625
0 0.714453125 0.4015625 0.00625 0.03203125
0 0.748046875 0.4125 0.0109375 0.05390625
0 0.740234375 0.4171875 0.009765625 0.0484375
0 0.808984375 0.4140625 0.015234375 0.0765625
0 0.8 0.4203125 0.017578125 0.08671875
0 0.7765625 0.43046875 0.0171875 0.08515625
0 0.80546875 0.4296875 0.0203125 0.1015625
0 0.84921875 0.43046875 0.03046875 0.14765625
0 0.88515625 0.421875 0.019921875 0.1
0 0.951171875 0.42734375 0.03984375 0.19609375
0 0.894921875 0.4390625 0.03671875 0.18046875
0 0.39765625 0.46328125 0.041015625 0.2