0 0.655859375 0.41875 0.009375 0.04609375
0 0.653125 0.41875 0.011328125 0.05859375
0 0.669140625 0.4234375 0.009375 0.04609375
0 0.55703125 0.4203125 0.00859375 0.04375
0 0.75546875 0.42890625 0.0125 0.06328125
0 0.738671875 0.42890625 0.01328125 0.06640625
0 0.73125 0.425 0.015625 0.0796875
0 0.71796875 0.43125 0.01484375 0.07109375
0 0.48203125 0.41875 0.004296875 0.021875
0 0.4875 0.42265625 0.0109375 0.0546875
0 0.45625 0.4203125 0.00859375 0.04375
0 0.462109375 0.4203125 0.008203125 0.03984375
0 0.3828125 0.4234375 0.02421875 0.121875