0 0.514453125 0.41484375 0.02109375 0.10234375
0 0.5375 0.40625 0.019921875 0.1
0 0.242578125 0.43984375 0.0515625 0.253125
0 0.257421875 0.44609375 0.05234375 0.25625
0 0.561328125 0.403125 0.012109375 0.06171875
0 0.572265625 0.403125 0.01171875 0.059375
0 0.591015625 0.39609375 0.011328125 0.05546875
0 0.58125 0.4078125 0.01640625 0.08203125
0 0.587890625 0.41171875 0.01484375 0.0734375
0 0.6171875 0.4046875 0.01953125 0.0984375
0 0.64140625 0.403125 0.019140625 0.09453125
0 0.64765625 0.4078125 0.01796875 0.0890625
0 0.62890625 0.465625 0.05078125 0.24921875
0 0.60625 0.4640625 0.058984375 0.28984375
0 0.7515625 0.41328125 0.03125 0.153125
0 0.8421875 0.4421875 0.03828125 0.18671875
0 0.4625 0.4203125 0.048828125 0.2390625