0 0.2609375 0.41953125 0.015234375 0.07734375
0 0.312109375 0.421875 0.023046875 0.1109375
0 0.327734375 0.42734375 0.01953125 0.0984375
0 0.5046875 0.4171875 0.019140625 0.09453125
0 0.519140625 0.41171875 0.01953125 0.096875
0 0.544921875 0.41875 0.017578125 0.0890625
0 0.649609375 0.43515625 0.02578125 0.128125
0 0.78046875 0.41484375 0.01640625 0.0796875
0 0.768359375 0.41328125 0.01796875 0.08671875
0 0.75703125 0.4203125 0.017578125 0.0875
0 0.846875 0.48203125 0.06640625 0.3234375
0 0.81015625 0.47265625 0.07265625 0.35546875
0 0.234765625 0.4359375 0.015234375 0.075
0 0.441796875 0.4109375 0.019921875 0.09765625
0 0.436328125 0.41484375 0.01796875 0.08984375
0 0.215625 0.42265625 0.0203125 0.1015625