0 0.487890625 0.3796875 0.008203125 0.04296875
0 0.495703125 0.3796875 0.0078125 0.040625
0 0.464453125 0.38046875 0.008203125 0.04375
0 0.4390625 0.384375 0.0078125 0.03984375
0 0.445703125 0.3828125 0.008203125 0.04296875
0 0.453515625 0.38125 0.0078125 0.0390625
0 0.45546875 0.40703125 0.016015625 0.08125
0 0.43359375 0.415625 0.02265625 0.1125
0 0.39453125 0.4078125 0.015625 0.07734375
0 0.551171875 0.41484375 0.0203125 0.1015625
0 0.56171875 0.40859375 0.026953125 0.13203125
0 0.8171875 0.4390625 0.058203125 0.284375
0 0.610546875 0.459375 0.053125 0.26171875
0 0.6234375 0.4515625 0.0625 0.30546875
0 0.91484375 0.41953125 0.064453125 0.3171875
0 0.9109375 0.44453125 0.05625 0.2765625
0 0.50234375 0.3984375 0.01328125 0.06640625
0 0.512890625 0.403125 0.0140625 0.071875