0 0.4484375 0.403125 0.0078125 0.0390625
0 0.430078125 0.4171875 0.009375 0.046875
0 0.480859375 0.43125 0.008203125 0.0390625
0 0.49921875 0.42109375 0.00859375 0.04296875
0 0.494921875 0.434375 0.01328125 0.065625
0 0.469921875 0.434375 0.01328125 0.065625
0 0.097265625 0.496875 0.064453125 0.315625
0 0.353515625 0.43828125 0.01484375 0.0734375
0 0.52109375 0.4296875 0.01328125 0.06640625
0 0.59765625 0.4734375 0.03828125 0.1859375
0 0.620703125 0.4796875 0.040625 0.1984375
0 0.57890625 0.46953125 0.03984375 0.19921875