0 0.49453125 0.3890625 0.0046875 0.02421875
0 0.523828125 0.3921875 0.00546875 0.02734375
0 0.517578125 0.39765625 0.005859375 0.0296875
0 0.534765625 0.39765625 0.005859375 0.03203125
0 0.53984375 0.4 0.00859375 0.04296875
0 0.546484375 0.4109375 0.007421875 0.03984375
0 0.562109375 0.409375 0.009765625 0.0484375
0 0.555859375 0.4125 0.01015625 0.05
0 0.56875 0.4109375 0.01015625 0.0515625
0 0.58046875 0.4046875 0.0109375 0.0515625
0 0.585546875 0.4203125 0.01484375 0.071875
0 0.599609375 0.41953125 0.01484375 0.0734375
0 0.615234375 0.4125 0.01484375 0.0734375
0 0.6265625 0.409375 0.015234375 0.0765625
0 0.681640625 0.415625 0.01953125 0.096875
0 0.66640625 0.425 0.01640625 0.084375
0 0.836328125 0.43046875 0.033203125 0.16328125
0 0.824609375 0.44140625 0.034765625 0.1703125
0 0.81953125 0.4234375 0.04453125 0.2171875
0 0.787109375 0.45625 0.029296875 0.14375
0 0.78359375 0.42578125 0.044921875 0.22265625
0 0.89609375 0.421875 0.04296875 0.2109375
0 0.3078125 0.41015625 0.013671875 0.06875
0 0.31875 0.41015625 0.013671875 0.06875
0 0.36875 0.39921875 0.00703125 0.03515625
0 0.250390625 0.40859375 0.01875 0.090625
0 0.01484375 0.41484375 0.029296875 0.18671875
0 0.728125 0.446875 0.040625 0.19921875