0 0.81640625 0.471875 0.064453125 0.31328125
0 0.137109375 0.496875 0.0296875 0.146875
0 0.128515625 0.50078125 0.02890625 0.14140625
0 0.338671875 0.4703125 0.04140625 0.203125
0 0.213671875 0.4890625 0.043359375 0.2125
0 0.074609375 0.4953125 0.04609375 0.225
0 0.430859375 0.47421875 0.030859375 0.1515625
0 0.452734375 0.48046875 0.029296875 0.14453125
0 0.66953125 0.4703125 0.025 0.121875
0 0.678125 0.46171875 0.031640625 0.15546875
0 0.75234375 0.571875 0.03515625 0.17265625
0 0.736328125 0.49140625 0.076171875 0.3734375
0 0.800390625 0.4890625 0.094140625 0.46171875
0 0.56953125 0.4625 0.075 0.36640625
0 0.55390625 0.49921875 0.071875 0.3515625