0 0.58828125 0.403125 0.00859375 0.0453125
0 0.3078125 0.41484375 0.004296875 0.021875
0 0.3171875 0.42109375 0.0078125 0.0390625
0 0.4046875 0.42578125 0.01328125 0.0640625
0 0.3734375 0.41875 0.009375 0.0453125
0 0.3796875 0.42578125 0.0140625 0.0703125
0 0.275 0.44609375 0.023828125 0.1171875
0 0.15078125 0.459375 0.03125 0.15546875
0 0.17109375 0.45546875 0.03515625 0.17265625
0 0.16015625 0.4671875 0.03125 0.1546875
0 0.12578125 0.459375 0.04609375 0.2265625
0 0.03828125 0.46953125 0.046484375 0.22734375
0 0.01484375 0.48359375 0.0296875 0.2296875
0 0.058203125 0.48046875 0.053125 0.259375
0 0.505078125 0.409375 0.00625 0.03203125