0 0.54765625 0.43828125 0.004296875 0.02421875
0 0.4515625 0.4421875 0.00625 0.03203125
0 0.68125 0.4359375 0.01640625 0.08203125
0 0.70234375 0.42578125 0.016015625 0.0796875
0 0.71328125 0.43125 0.019140625 0.09296875
0 0.741796875 0.42265625 0.0109375 0.05390625
0 0.744921875 0.44140625 0.015234375 0.0765625
0 0.765625 0.428125 0.017578125 0.08671875
0 0.788671875 0.4296875 0.016015625 0.0796875
0 0.780078125 0.43046875 0.019140625 0.0953125
0 0.73359375 0.42890625 0.019140625 0.09296875
0 0.7515625 0.43203125 0.01875 0.09296875
0 0.77421875 0.4328125 0.019921875 0.1
0 0.84140625 0.4265625 0.01796875 0.0890625
0 0.83125 0.4234375 0.0265625 0.12890625
0 0.195703125 0.465625 0.027734375 0.1390625
0 0.215234375 0.46171875 0.02421875 0.1203125
0 0.22265625 0.46796875 0.0234375 0.11640625
0 0.53984375 0.4421875 0.016015625 0.07890625
0 0.469140625 0.4421875 0.016015625 0.0421875