0 0.855078125 0.4328125 0.00703125 0.0359375
0 0.773046875 0.4328125 0.00703125 0.03515625
0 0.705078125 0.4421875 0.01875 0.08984375
0 0.925390625 0.4875 0.097265625 0.47578125
0 0.253515625 0.4203125 0.0046875 0.0265625
0 0.237109375 0.41875 0.004296875 0.0234375
0 0.17421875 0.41796875 0.007421875 0.03515625
0 0.1359375 0.4125 0.008203125 0.040625
0 0.03359375 0.41484375 0.01015625 0.0515625
0 0.070703125 0.4203125 0.007421875 0.0375
0 0.048046875 0.43125 0.0171875 0.0859375
0 0.10078125 0.43046875 0.017578125 0.08671875
0 0.1078125 0.4484375 0.01015625 0.0515625
0 0.328515625 0.43359375 0.01875 0.08984375
0 0.519921875 0.43984375 0.019140625 0.09296875
0 0.494921875 0.44296875 0.01796875 0.0890625
0 0.4828125 0.4390625 0.0203125 0.10078125
0 0.45859375 0.43828125 0.017578125 0.0875
0 0.463671875 0.446875 0.0171875 0.084375
0 0.378125 0.5125 0.090625 0.4421875
0 0.260546875 0.4203125 0.00625 0.03125