0 0.121875 0.4234375 0.0375 0.184375
0 0.162109375 0.41875 0.0359375 0.178125
0 0.3859375 0.409375 0.037109375 0.18359375
0 0.373046875 0.396875 0.046875 0.2296875
0 0.472265625 0.37421875 0.03046875 0.1484375
0 0.425 0.38203125 0.025390625 0.1265625
0 0.5171875 0.36640625 0.03125 0.1546875
0 0.5453125 0.40390625 0.0421875 0.2078125
0 0.675390625 0.396875 0.0390625 0.1921875
0 0.690234375 0.38984375 0.0453125 0.2234375
0 0.662890625 0.39921875 0.046484375 0.22578125
0 0.7875 0.459375 0.08046875 0.3953125
0 0.487109375 0.35078125 0.021875 0.07734375