0 0.428515625 0.44453125 0.02109375 0.1046875
0 0.404296875 0.440625 0.02265625 0.109375
0 0.384375 0.434375 0.0234375 0.115625
0 0.419921875 0.43828125 0.025390625 0.125
0 0.37578125 0.44921875 0.03125 0.1546875
0 0.39765625 0.43984375 0.023046875 0.1125
0 0.353125 0.4640625 0.023828125 0.11796875
0 0.32890625 0.43515625 0.034375 0.1671875
0 0.363671875 0.4390625 0.03984375 0.196875
0 0.31875 0.4453125 0.034375 0.16796875
0 0.4546875 0.4234375 0.019140625 0.0953125
0 0.452734375 0.446875 0.021875 0.10859375
0 0.50234375 0.40859375 0.009375 0.04765625
0 0.49453125 0.4078125 0.0109375 0.0515625
0 0.464453125 0.43359375 0.01484375 0.07421875