0 0.437109375 0.43046875 0.008203125 0.04375
0 0.4421875 0.43359375 0.00703125 0.03515625
0 0.52890625 0.45 0.01171875 0.059375
0 0.469140625 0.4359375 0.046484375 0.228125
0 0.5078125 0.42734375 0.052734375 0.25859375
0 0.655859375 0.43828125 0.03828125 0.1875
0 0.75234375 0.45703125 0.02109375 0.103125
0 0.7015625 0.45 0.034375 0.16875
0 0.733203125 0.4515625 0.034765625 0.17109375
0 0.79375 0.45703125 0.03203125 0.1578125
0 0.828125 0.45 0.07421875 0.3625
0 0.538671875 0.4578125 0.008203125 0.040625