0 0.598828125 0.41875 0.00625 0.0328125
0 0.61640625 0.42734375 0.00546875 0.0265625
0 0.60390625 0.4171875 0.00859375 0.04375
0 0.609765625 0.42109375 0.0078125 0.03984375
0 0.727734375 0.3953125 0.015234375 0.075
0 0.73515625 0.39375 0.01953125 0.096875
0 0.71484375 0.4 0.013671875 0.06640625
0 0.723046875 0.40546875 0.011328125 0.05546875
0 0.58671875 0.4234375 0.028125 0.1390625
0 0.852734375 0.42265625 0.058203125 0.28515625
0 0.351953125 0.43828125 0.030859375 0.15234375
0 0.38515625 0.4359375 0.034765625 0.17109375