0 0.291015625 0.45625 0.00703125 0.03515625
0 0.326953125 0.46171875 0.011328125 0.0546875
0 0.33828125 0.46328125 0.0140625 0.07109375
0 0.30625 0.46953125 0.01484375 0.071875
0 0.303125 0.4640625 0.01953125 0.0953125
0 0.315625 0.465625 0.02109375 0.1046875
0 0.33515625 0.45625 0.0234375 0.11640625
0 0.41875 0.46015625 0.0140625 0.071875
0 0.434375 0.4609375 0.013671875 0.06875
0 0.2671875 0.46875 0.03203125 0.1578125
0 0.359375 0.4546875 0.02421875 0.11875
0 0.38125 0.45390625 0.028125 0.025
0 0.408203125 0.4578125 0.0109375 0.03046875
0 0.47109375 0.4546875 0.06328125 0.0796875