0 0.094140625 0.43125 0.025 0.121875
0 0.1765625 0.42890625 0.016015625 0.078125
0 0.21953125 0.41875 0.0109375 0.0515625
0 0.210546875 0.4328125 0.0171875 0.0828125
0 0.349609375 0.4171875 0.00859375 0.04609375
0 0.36875 0.4234375 0.00859375 0.04375
0 0.39140625 0.421875 0.008203125 0.040625
0 0.4703125 0.41328125 0.00703125 0.03515625
0 0.465234375 0.41328125 0.00625 0.0328125
0 0.516796875 0.41484375 0.008203125 0.04296875
0 0.574609375 0.4171875 0.01484375 0.07421875
0 0.55390625 0.42109375 0.019140625 0.09375
0 0.562890625 0.42109375 0.01875 0.08984375
0 0.972265625 0.41953125 0.02265625 0.1125
0 0.9625 0.4171875 0.0234375 0.1171875
0 0.99140625 0.4171875 0.015625 0.11640625
0 0.821875 0.41328125 0.02109375 0.103125
0 0.828125 0.41796875 0.01953125 0.09765625
0 0.8125 0.41171875 0.0234375 0.11640625
0 0.7859375 0.41875 0.02109375 0.1015625
0 0.70859375 0.415625 0.0171875 0.08515625
0 0.71484375 0.4125 0.01953125 0.09453125
0 0.629296875 0.40859375 0.015234375 0.075
0 0.684765625 0.41484375 0.016015625 0.0796875
0 0.6875 0.4140625 0.01640625 0.084375
0 0.69453125 0.4140625 0.019140625 0.0921875
0 0.66171875 0.41484375 0.01796875 0.0890625
0 0.667578125 0.41484375 0.01953125 0.0953125
0 0.615625 0.41796875 0.017578125 0.0875
0 0.625390625 0.415625 0.01875 0.08984375
0 0.6359375 0.41484375 0.015625 0.0765625
0 0.598046875 0.41875 0.019140625 0.09296875
0 0.616796875 0.41796875 0.0140625 0.0703125
0 0.534375 0.42109375 0.001953125 0.02734375
0 0.540625 0.4234375 0.00390625 0.028125
0 0.648828125 0.41484375 0.016015625 0.084375
0 0.676953125 0.4171875 0.008203125 0.078125