0 0.405859375 0.42109375 0.003515625 0.01875
0 0.409765625 0.421875 0.003515625 0.0171875
0 0.3921875 0.42109375 0.003125 0.015625
0 0.37734375 0.4203125 0.003125 0.0171875
0 0.4171875 0.4203125 0.003515625 0.01875
0 0.43203125 0.4234375 0.00390625 0.02265625
0 0.437109375 0.42109375 0.004296875 0.02265625
0 0.36640625 0.4296875 0.004296875 0.0234375
0 0.3515625 0.4328125 0.009765625 0.05078125
0 0.341796875 0.42890625 0.01171875 0.05859375
0 0.16640625 0.4484375 0.051171875 0.25078125
0 0.4453125 0.434375 0.00703125 0.0359375
0 0.458984375 0.43828125 0.00703125 0.0328125
0 0.46953125 0.4359375 0.0125 0.0625
0 0.4984375 0.44375 0.0109375 0.053125
0 0.884375 0.490625 0.06484375 0.31875