0 0.658984375 0.4375 0.012109375 0.0609375
0 0.646875 0.44140625 0.0109375 0.053125
0 0.651171875 0.44375 0.009375 0.046875
0 0.641015625 0.44375 0.0109375 0.053125
0 0.63046875 0.440625 0.0109375 0.05390625
0 0.430859375 0.43671875 0.0171875 0.0859375
0 0.45625 0.4390625 0.016015625 0.0796875
0 0.451171875 0.44375 0.017578125 0.0859375
0 0.4859375 0.43828125 0.01640625 0.08203125
0 0.47109375 0.4375 0.01875 0.09375
0 0.6078125 0.4546875 0.028125 0.1375
0 0.82421875 0.4578125 0.021484375 0.10546875
0 0.48046875 0.4484375 0.0046875 0.0171875
0 0.534375 0.44375 0.07578125 0.0625