0 0.44453125 0.4359375 0.01484375 0.0734375
0 0.144921875 0.48046875 0.029296875 0.1421875
0 0.1640625 0.475 0.029296875 0.1453125
0 0.206640625 0.46953125 0.026953125 0.13359375
0 0.226171875 0.46328125 0.028125 0.13984375
0 0.8375 0.396875 0.01875 0.09296875
0 0.778125 0.41796875 0.025 0.1234375
0 0.73671875 0.4203125 0.02578125 0.12890625
0 0.90859375 0.44609375 0.053125 0.2609375
0 0.95234375 0.425 0.0609375 0.3
0 0.876953125 0.44453125 0.05546875 0.2734375
0 0.224609375 0.48359375 0.01484375 0.07109375
0 0.256640625 0.45390625 0.019921875 0.0984375
0 0.413671875 0.4328125 0.03125 0.05390625
0 0.4625 0.4015625 0.01171875 0.01875