0 0.42890625 0.44609375 0.017578125 0.08671875
0 0.412890625 0.446875 0.016015625 0.0796875
0 0.418359375 0.44921875 0.01875 0.0921875
0 0.38046875 0.446875 0.01796875 0.090625
0 0.3421875 0.440625 0.01875 0.090625
0 0.325 0.44453125 0.0203125 0.1015625
0 0.34453125 0.446875 0.01796875 0.0890625
0 0.365234375 0.446875 0.017578125 0.0890625
0 0.35859375 0.4546875 0.015625 0.078125
0 0.973046875 0.4625 0.05234375 0.4875
0 0.35703125 0.41875 0.013671875 0.0390625
0 0.389453125 0.45078125 0.025 0.10234375
0 0.460546875 0.4390625 0.02734375 0.10859375
0 0.494140625 0.4375 0.021484375 0.10546875