0 0.365625 0.4953125 0.013671875 0.06875
0 0.30703125 0.49140625 0.01484375 0.071875
0 0.08359375 0.5328125 0.047265625 0.23125
0 0.544921875 0.49375 0.0109375 0.0546875
0 0.537890625 0.49375 0.011328125 0.0578125
0 0.52890625 0.4984375 0.011328125 0.0578125
0 0.740625 0.51875 0.01484375 0.07421875
0 0.18984375 0.52421875 0.040625 0.19921875
0 0.769921875 0.503125 0.01875 0.090625
0 0.475390625 0.496875 0.016015625 0.0796875
0 0.11640625 0.5140625 0.06328125 0.3109375
0 0.3375 0.49453125 0.046875 0.08125
0 0.363671875 0.4609375 0.0015625 0.00625
0 0.3828125 0.48359375 0.003125 0.01484375
0 0.39375 0.48515625 0.011328125 0.03203125