0 0.01171875 0.4515625 0.0234375 0.1171875
0 0.04609375 0.4265625 0.03203125 0.1578125
0 0.471875 0.425 0.011328125 0.05625
0 0.466796875 0.4234375 0.0125 0.06171875
0 0.521875 0.4109375 0.004296875 0.0234375
0 0.601171875 0.41875 0.008203125 0.0421875
0 0.613671875 0.41640625 0.009765625 0.05
0 0.624609375 0.43125 0.008203125 0.04375
0 0.63828125 0.421875 0.012109375 0.0609375
0 0.653125 0.425 0.012109375 0.0609375
0 0.725390625 0.42578125 0.02578125 0.1265625
0 0.742578125 0.43125 0.0359375 0.1796875
0 0.701953125 0.43046875 0.021875 0.10859375
0 0.679296875 0.4328125 0.0203125 0.10234375
0 0.67109375 0.428125 0.02578125 0.128125
0 0.6921875 0.428125 0.025390625 0.125
0 0.824609375 0.44375 0.030859375 0.15234375
0 0.80078125 0.4390625 0.034375 0.1671875