0 0.05234375 0.5203125 0.074609375 0.36640625
0 0.024609375 0.53125 0.04921875 0.3765625
0 0.46015625 0.45625 0.009765625 0.05078125
0 0.684765625 0.47734375 0.011328125 0.05625
0 0.73984375 0.5046875 0.02265625 0.1125
0 0.95234375 0.4828125 0.04375 0.215625
0 0.90546875 0.4859375 0.046484375 0.2296875
0 0.8546875 0.49453125 0.038671875 0.18828125
0 0.7609375 0.5109375 0.0390625 0.190625
0 0.82265625 0.49375 0.039453125 0.19453125
0 0.661328125 0.490625 0.015234375 0.07421875
0 0.47578125 0.4671875 0.012109375 0.0484375
0 0.4921875 0.465625 0.01640625 0.0515625
0 0.502734375 0.46953125 0.00234375 0.028125