0 0.53046875 0.4359375 0.015234375 0.075
0 0.56171875 0.44453125 0.0140625 0.07109375
0 0.551171875 0.44375 0.015234375 0.07421875
0 0.575 0.43984375 0.015625 0.075
0 0.4953125 0.43828125 0.011328125 0.05625
0 0.50390625 0.434375 0.013671875 0.0671875
0 0.44296875 0.446875 0.023046875 0.11328125
0 0.423046875 0.440625 0.02578125 0.128125
0 0.3953125 0.4453125 0.025 0.12109375
0 0.326171875 0.46796875 0.0515625 0.253125
0 0.247265625 0.459375 0.05625 0.2765625
0 0.880859375 0.4546875 0.03125 0.153125
0 0.5984375 0.43671875 0.01015625 0.0515625
0 0.601171875 0.44609375 0.00859375 0.0453125
0 0.5953125 0.4484375 0.0109375 0.0546875
0 0.609375 0.434375 0.0125 0.0609375