0 0.871875 0.47109375 0.04609375 0.22578125
0 0.915625 0.46953125 0.044921875 0.21875
0 0.44765625 0.471875 0.012109375 0.0609375
0 0.40703125 0.4796875 0.012109375 0.0609375
0 0.129296875 0.49921875 0.011328125 0.05625
0 0.121875 0.48359375 0.021875 0.109375
0 0.114453125 0.48359375 0.023046875 0.1140625
0 0.09609375 0.4875 0.023046875 0.115625
0 0.2359375 0.4796875 0.015234375 0.075
0 0.61796875 0.453125 0.0234375 0.115625
0 0.577734375 0.475 0.05546875 0.2734375
0 0.56953125 0.49765625 0.06484375 0.31953125