0 0.57734375 0.4640625 0.02265625 0.11328125
0 0.56484375 0.46484375 0.023046875 0.115625
0 0.53203125 0.46640625 0.0234375 0.11640625
0 0.8453125 0.46328125 0.019140625 0.09453125
0 0.823828125 0.4625 0.02109375 0.10546875
0 0.71484375 0.4546875 0.02734375 0.134375
0 0.7375 0.44375 0.02109375 0.10234375
0 0.769921875 0.45 0.01953125 0.0984375
0 0.79375 0.44609375 0.019921875 0.0984375
0 0.81015625 0.4578125 0.0265625 0.13125
0 0.77578125 0.44921875 0.019921875 0.1
0 0.74375 0.4453125 0.019140625 0.0953125
0 0.74609375 0.459375 0.021484375 0.10546875
0 0.50859375 0.46015625 0.02265625 0.1109375
0 0.515234375 0.46796875 0.023046875 0.1125
0 0.366796875 0.45390625 0.01796875 0.0890625
0 0.383203125 0.45234375 0.0203125 0.1015625
0 0.384375 0.4578125 0.01953125 0.09765625
0 0.36015625 0.45859375 0.017578125 0.08671875
0 0.3375 0.45078125 0.0203125 0.10078125
0 0.43125 0.459375 0.023828125 0.11796875
0 0.891796875 0.459375 0.05625 0.14921875