0 0.231640625 0.34765625 0.00546875 0.02734375
0 0.236328125 0.34765625 0.005859375 0.0296875
0 0.243359375 0.34765625 0.00546875 0.0296875
0 0.3640625 0.36015625 0.00703125 0.03515625
0 0.372265625 0.36015625 0.007421875 0.0359375
0 0.3765625 0.35859375 0.008203125 0.03984375
0 0.382421875 0.3578125 0.0078125 0.03828125
0 0.391796875 0.36875 0.00546875 0.028125
0 0.42734375 0.3546875 0.0078125 0.0390625
0 0.4390625 0.35625 0.007421875 0.0359375
0 0.4578125 0.365625 0.00546875 0.0265625
0 0.480078125 0.36171875 0.00546875 0.0265625
0 0.483984375 0.35546875 0.00546875 0.0296875
0 0.527734375 0.3515625 0.0046875 0.025
0 0.55234375 0.3515625 0.0046875 0.02734375
0 0.532421875 0.46953125 0.00625 0.0328125
0 0.53671875 0.46953125 0.007421875 0.03828125
0 0.540625 0.46796875 0.0078125 0.03828125
0 0.5484375 0.46796875 0.0078125 0.03984375
0 0.554296875 0.46796875 0.007421875 0.0375
0 0.583203125 0.44375 0.01328125 0.0671875
0 0.59140625 0.4421875 0.0140625 0.0703125
0 0.57890625 0.43828125 0.015625 0.07734375
0 0.569921875 0.440625 0.015234375 0.075
0 0.657421875 0.4640625 0.03671875 0.1796875
0 0.780078125 0.4484375 0.051171875 0.253125
0 0.79375 0.44921875 0.0578125 0.2828125
0 0.4984375 0.46015625 0.034765625 0.16875
0 0.51484375 0.4546875 0.037109375 0.18046875
0 0.43671875 0.4671875 0.01015625 0.0515625
0 0.33203125 0.4640625 0.0359375 0.1765625
0 0.3546875 0.4734375 0.034765625 0.17109375
0 0.225 0.47265625 0.041015625 0.2015625
0 0.2109375 0.490625 0.04765625 0.234375
0 0.2328125 0.4890625 0.0515625 0.253125
0 0.171484375 0.4984375 0.046484375 0.2265625
0 0.10625 0.50703125 0.072265625 0.353125
0 0.034375 0.5078125 0.068359375 0.390625
0 0.104296875 0.54765625 0.071875 0.35234375
0 0.0296875 0.54765625 0.058984375 0.36875
0 0.4046875 0.4796875 0.058984375 0.2890625
0 0.197265625 0.34453125 0.01171875 0.03125
0 0.5671875 0.34609375 0.015625 0.0203125