0 0.3609375 0.484375 0.00546875 0.02734375
0 0.36796875 0.484375 0.00546875 0.02734375
0 0.37265625 0.48828125 0.003515625 0.01953125
0 0.378125 0.4828125 0.00625 0.03203125
0 0.38671875 0.48359375 0.005859375 0.0296875
0 0.393359375 0.48359375 0.00546875 0.0265625
0 0.39921875 0.48359375 0.0046875 0.02421875
0 0.4109375 0.48671875 0.00390625 0.02265625
0 0.43125 0.4875 0.0046875 0.02734375
0 0.45078125 0.48828125 0.00546875 0.02734375
0 0.4640625 0.48828125 0.005859375 0.0296875
0 0.350390625 0.47890625 0.00625 0.034375
0 0.332421875 0.47578125 0.00546875 0.028125
0 0.385546875 0.56171875 0.00625 0.03203125
0 0.343359375 0.52734375 0.01484375 0.071875
0 0.355859375 0.5328125 0.013671875 0.06875
0 0.2984375 0.5140625 0.016015625 0.0796875
0 0.28984375 0.51484375 0.01875 0.090625
0 0.281640625 0.5171875 0.017578125 0.0875
0 0.271484375 0.5125 0.01875 0.0921875
0 0.326171875 0.525 0.01484375 0.075
0 0.3375 0.52421875 0.016015625 0.078125
0 0.313671875 0.5125 0.019140625 0.09375
0 0.305859375 0.51171875 0.019921875 0.1
0 0.12421875 0.46015625 0.04375 0.21796875
0 0.110546875 0.4703125 0.047265625 0.23125
0 0.1078125 0.478125 0.05625 0.2765625
0 0.059375 0.446875 0.051171875 0.25078125
0 0.01875 0.47421875 0.037109375 0.28046875
0 0.46953125 0.5421875 0.009765625 0.05
0 0.478125 0.5390625 0.0109375 0.0546875
0 0.4625 0.53828125 0.01171875 0.059375
0 0.44296875 0.5203125 0.01953125 0.0953125
0 0.484375 0.5328125 0.0125 0.0625
0 0.49296875 0.53046875 0.0125 0.06328125
0 0.480859375 0.53046875 0.01484375 0.07421875
0 0.51015625 0.52265625 0.0171875 0.08515625
0 0.5140625 0.52265625 0.017578125 0.0875
0 0.54140625 0.5109375 0.023046875 0.1109375
0 0.537109375 0.49765625 0.029296875 0.14375
0 0.525390625 0.5 0.029296875 0.14453125
0 0.5890625 0.49296875 0.03125 0.15546875
0 0.85234375 0.49921875 0.0453125 0.22265625
0 0.715234375 0.496875 0.07265625 0.3546875