0 0.578515625 0.43125 0.007421875 0.0359375
0 0.573828125 0.43125 0.007421875 0.0359375
0 0.58515625 0.43125 0.00703125 0.034375
0 0.6265625 0.43046875 0.009765625 0.046875
0 0.6078125 0.465625 0.0484375 0.2375
0 0.44140625 0.4328125 0.005859375 0.03046875
0 0.42734375 0.4375 0.005859375 0.03125
0 0.39765625 0.4421875 0.00546875 0.02734375
0 0.403125 0.4359375 0.0078125 0.0390625
0 0.464453125 0.43671875 0.0078125 0.040625
0 0.388671875 0.43671875 0.00703125 0.0375
0 0.376953125 0.43671875 0.0078125 0.03984375
0 0.31328125 0.44375 0.01015625 0.05
0 0.30078125 0.44453125 0.009765625 0.0484375
0 0.217578125 0.4484375 0.015234375 0.07734375
0 0.722265625 0.471875 0.054296875 0.265625
0 0.544921875 0.428125 0.003125 0.01640625
0 0.55390625 0.42890625 0.004296875 0.02265625