0 0.575390625 0.4421875 0.009375 0.04609375
0 0.55546875 0.44140625 0.009765625 0.0484375
0 0.534765625 0.4390625 0.01015625 0.053125
0 0.546875 0.4375 0.01171875 0.05859375
0 0.595703125 0.43828125 0.01171875 0.0578125
0 0.603125 0.434375 0.0125 0.06328125
0 0.63828125 0.44140625 0.009375 0.046875
0 0.630859375 0.4359375 0.013671875 0.0671875
0 0.623046875 0.4359375 0.013671875 0.0671875
0 0.31796875 0.43984375 0.030859375 0.153125
0 0.23515625 0.43671875 0.02890625 0.14140625
0 0.24921875 0.4359375 0.02890625 0.14375
0 0.01953125 0.4953125 0.0390625 0.3328125
0 0.836328125 0.43125 0.01953125 0.09765625