0 0.19609375 0.34609375 0.00546875 0.0265625
0 0.211328125 0.3453125 0.0046875 0.02734375
0 0.284765625 0.3515625 0.0046875 0.025
0 0.291015625 0.353125 0.003125 0.01640625
0 0.26875 0.35859375 0.01328125 0.06640625
0 0.2625 0.35625 0.01484375 0.0734375
0 0.2484375 0.35390625 0.01484375 0.07109375
0 0.275 0.378125 0.023828125 0.11796875
0 0.087109375 0.4546875 0.051171875 0.24921875
0 0.299609375 0.36171875 0.009375 0.04765625
0 0.386328125 0.36640625 0.008203125 0.04296875
0 0.4109375 0.3625 0.0125 0.0640625
0 0.42890625 0.353125 0.0140625 0.0703125
0 0.428515625 0.35859375 0.01328125 0.06640625
0 0.441796875 0.3578125 0.015625 0.07734375
0 0.45390625 0.3546875 0.016015625 0.0796875
0 0.54140625 0.36015625 0.015625 0.0765625
0 0.72421875 0.371875 0.01875 0.0921875
0 0.73203125 0.375 0.01796875 0.08984375
0 0.94296875 0.36953125 0.015625 0.07734375
0 0.753125 0.415625 0.034765625 0.17265625
0 0.790234375 0.4046875 0.039453125 0.19453125
0 0.86796875 0.47578125 0.1078125 0.528125
0 0.965234375 0.4796875 0.06796875 0.4796875
0 0.201953125 0.40703125 0.026953125 0.1328125
0 0.302734375 0.35234375 0.013671875 0.06640625
0 0.15234375 0.3453125 0.00859375 0.01640625