0 0.769921875 0.4078125 0.023046875 0.11328125
0 0.73515625 0.415625 0.0203125 0.10234375
0 0.70234375 0.3953125 0.01015625 0.05078125
0 0.707421875 0.4 0.013671875 0.06953125
0 0.71640625 0.40625 0.016015625 0.0796875
0 0.7203125 0.41171875 0.0125 0.06171875
0 0.6921875 0.39375 0.0140625 0.07109375
0 0.68046875 0.4015625 0.01484375 0.071875
0 0.692578125 0.4421875 0.0296875 0.146875
0 0.7296875 0.44140625 0.038671875 0.1890625
0 0.65078125 0.40546875 0.01328125 0.06640625
0 0.639453125 0.40078125 0.0140625 0.07109375
0 0.666796875 0.43984375 0.023828125 0.1203125
0 0.312890625 0.4234375 0.008203125 0.0421875
0 0.144140625 0.4515625 0.03046875 0.14921875
0 0.19921875 0.46484375 0.03984375 0.196875
0 0.222265625 0.4640625 0.038671875 0.1890625
0 0.215234375 0.4625 0.04375 0.215625
0 0.107421875 0.47265625 0.04609375 0.225
0 0.24609375 0.459375 0.04375 0.2171875
0 0.2734375 0.453125 0.03125 0.1546875
0 0.621484375 0.396875 0.01171875 0.05859375
0 0.61640625 0.39765625 0.01015625 0.05078125
0 0.660546875 0.38984375 0.01171875 0.0328125