0 0.221875 0.48046875 0.021875 0.109375
0 0.2125 0.4671875 0.0234375 0.1140625
0 0.203125 0.48125 0.02265625 0.1109375
0 0.211328125 0.49140625 0.019140625 0.0953125
0 0.2484375 0.453125 0.016015625 0.078125
0 0.2765625 0.4625 0.023828125 0.11875
0 0.28671875 0.4515625 0.01796875 0.08984375
0 0.29453125 0.4625 0.02265625 0.1125
0 0.309765625 0.46015625 0.019140625 0.0921875
0 0.312890625 0.4734375 0.01953125 0.09453125
0 0.37265625 0.48984375 0.0578125 0.28203125
0 0.353125 0.509375 0.054296875 0.265625
0 0.423046875 0.5015625 0.051171875 0.25078125
0 0.54765625 0.4609375 0.05390625 0.2640625
0 0.497265625 0.47578125 0.058984375 0.28828125
0 0.513671875 0.5296875 0.034375 0.1703125
0 0.58515625 0.46171875 0.0515625 0.253125
0 0.568359375 0.4703125 0.05390625 0.2640625
0 0.528125 0.45546875 0.069921875 0.34296875
0 0.648828125 0.47734375 0.037109375 0.1828125
0 0.64765625 0.4640625 0.050390625 0.24609375
0 0.29140625 0.46484375 0.028125 0.140625
0 0.266015625 0.48828125 0.041015625 0.2015625
0 0.675390625 0.4296875 0.02421875 0.12109375
0 0.23984375 0.471875 0.031640625 0.15625
0 0.033984375 0.4703125 0.011328125 0.05546875