0 0.491796875 0.43046875 0.0046875 0.025
0 0.4859375 0.42890625 0.005859375 0.03046875
0 0.45234375 0.428125 0.008203125 0.0421875
0 0.44765625 0.42890625 0.008203125 0.03984375
0 0.413671875 0.4296875 0.008203125 0.040625
0 0.387890625 0.4234375 0.009375 0.0484375
0 0.261328125 0.4171875 0.01640625 0.0828125
0 0.24765625 0.42421875 0.013671875 0.0671875
0 0.23359375 0.4125 0.01640625 0.084375
0 0.558203125 0.43515625 0.00546875 0.028125
0 0.55390625 0.434375 0.007421875 0.0375
0 0.636328125 0.4484375 0.0046875 0.025
0 0.79609375 0.50078125 0.041015625 0.203125