0 0.578515625 0.421875 0.0078125 0.040625
0 0.5875 0.425 0.00703125 0.03515625
0 0.5984375 0.4203125 0.0078125 0.03984375
0 0.6140625 0.42109375 0.0125 0.06328125
0 0.6296875 0.42109375 0.012109375 0.0625
0 0.83671875 0.4515625 0.046484375 0.22578125
0 0.347265625 0.43203125 0.0078125 0.03984375
0 0.12578125 0.44765625 0.0171875 0.08515625
0 0.11015625 0.44375 0.0140625 0.0703125
0 0.0796875 0.44921875 0.01484375 0.071875
0 0.336328125 0.44140625 0.011328125 0.05625
0 0.303515625 0.440625 0.011328125 0.05625
0 0.5625 0.434375 0.0125 0.065625