0 0.2359375 0.41015625 0.00546875 0.02734375
0 0.1 0.43359375 0.031640625 0.15625
0 0.394140625 0.42890625 0.02265625 0.109375
0 0.3953125 0.434375 0.01953125 0.096875
0 0.401953125 0.43125 0.02109375 0.103125
0 0.4171875 0.43125 0.02265625 0.1109375
0 0.5109375 0.40859375 0.016015625 0.07890625
0 0.298828125 0.434375 0.021484375 0.1078125
0 0.342578125 0.43828125 0.02109375 0.103125
0 0.3828125 0.41875 0.01640625 0.08125
0 0.2984375 0.4203125 0.01953125 0.096875
0 0.36171875 0.4140625 0.01328125 0.06640625