0 0.2234375 0.44296875 0.0109375 0.05390625
0 0.340234375 0.44140625 0.007421875 0.0375
0 0.331640625 0.43984375 0.00859375 0.0421875
0 0.373828125 0.440625 0.007421875 0.0375
0 0.371484375 0.4390625 0.008203125 0.0421875
0 0.562890625 0.4328125 0.00703125 0.034375
0 0.75625 0.42890625 0.009375 0.0453125
0 0.74296875 0.4328125 0.00625 0.034375
0 0.691796875 0.42734375 0.008203125 0.0421875
0 0.6578125 0.4234375 0.005859375 0.0296875
0 0.323828125 0.434375 0.008203125 0.04375
0 0.3140625 0.434375 0.009375 0.04765625