0 0.550390625 0.428125 0.005859375 0.03046875
0 0.630859375 0.42578125 0.005859375 0.03125
0 0.62421875 0.425 0.00703125 0.034375
0 0.5765625 0.42265625 0.00546875 0.02734375
0 0.528125 0.42265625 0.00625 0.03203125
0 0.53203125 0.42734375 0.00546875 0.028125
0 0.414453125 0.428125 0.00703125 0.0328125
0 0.3578125 0.4359375 0.009375 0.0484375
0 0.3640625 0.4328125 0.011328125 0.05546875
0 0.127734375 0.4359375 0.01796875 0.0875
0 0.63984375 0.428125 0.00859375 0.0453125
0 0.59140625 0.42109375 0.0046875 0.025