0 0.3734375 0.46953125 0.0015625 0.009375
0 0.603515625 0.46875 0.0078125 0.040625
0 0.60859375 0.46796875 0.00859375 0.04375
0 0.6796875 0.45703125 0.0125 0.0625
0 0.69375 0.45 0.01484375 0.0734375
0 0.7109375 0.43359375 0.021484375 0.10546875
0 0.755859375 0.4328125 0.01953125 0.096875
0 0.760546875 0.43203125 0.019140625 0.09453125
0 0.2890625 0.48125 0.0078125 0.03828125
0 0.2828125 0.4796875 0.0078125 0.0390625
0 0.25546875 0.48203125 0.007421875 0.03828125
0 0.242578125 0.4671875 0.01328125 0.06328125
0 0.22890625 0.465625 0.01484375 0.07109375
0 0.128125 0.45546875 0.01953125 0.0984375
0 0.112890625 0.46015625 0.019921875 0.0984375
0 0.0921875 0.4546875 0.023046875 0.115625
0 0.1328125 0.45234375 0.0234375 0.1140625
0 0.565234375 0.47109375 0.009375 0.04765625
0 0.572265625 0.46640625 0.00703125 0.0359375
0 0.60859375 0.46640625 0.00703125 0.0359375
0 0.266015625 0.45 0.01484375 0.0734375
0 0.19375 0.440625 0.023046875 0.11328125
0 0.1546875 0.45078125 0.02265625 0.11015625