0 0.335546875 0.4203125 0.016015625 0.07890625
0 0.32265625 0.428125 0.017578125 0.08671875
0 0.370703125 0.353125 0.00625 0.0328125
0 0.376953125 0.35859375 0.00703125 0.034375
0 0.38359375 0.35703125 0.00703125 0.03203125
0 0.401953125 0.35234375 0.007421875 0.0375
0 0.41328125 0.35390625 0.00703125 0.0359375
0 0.406640625 0.35390625 0.00703125 0.0359375
0 0.398046875 0.37109375 0.0125 0.0625
0 0.433203125 0.346875 0.01015625 0.05078125
0 0.43984375 0.3484375 0.00859375 0.0453125
0 0.446484375 0.34453125 0.009375 0.04609375
0 0.4578125 0.3453125 0.008203125 0.040625
0 0.4625 0.3453125 0.009765625 0.0484375
0 0.47421875 0.3484375 0.009765625 0.0484375
0 0.497265625 0.353125 0.009375 0.04765625
0 0.530859375 0.35546875 0.00859375 0.04296875
0 0.540625 0.359375 0.01015625 0.05078125
0 0.570703125 0.35234375 0.011328125 0.0546875
0 0.565625 0.35625 0.009375 0.046875
0 0.589453125 0.3484375 0.009765625 0.04765625
0 0.57265625 0.375 0.01171875 0.05859375
0 0.58203125 0.378125 0.013671875 0.0671875
0 0.59609375 0.38203125 0.015234375 0.075
0 0.618359375 0.3796875 0.01328125 0.06640625
0 0.624609375 0.3734375 0.01484375 0.071875
0 0.621875 0.40703125 0.0171875 0.0859375
0 0.636328125 0.40859375 0.01796875 0.0890625
0 0.53984375 0.41328125 0.01953125 0.096875
0 0.541015625 0.428125 0.015625 0.078125
0 0.6828125 0.39140625 0.01484375 0.07109375
0 0.675 0.4109375 0.02109375 0.1046875
0 0.669921875 0.42890625 0.013671875 0.0671875
0 0.65234375 0.4171875 0.02265625 0.109375
0 0.70234375 0.4 0.01953125 0.096875
0 0.718359375 0.40625 0.021875 0.109375
0 0.6984375 0.42421875 0.026953125 0.13203125
0 0.7125 0.42109375 0.03046875 0.14765625
0 0.75 0.41171875 0.0234375 0.11796875
0 0.7609375 0.41875 0.0296875 0.146875
0 0.77265625 0.48671875 0.05703125 0.28203125
0 0.7421875 0.4984375 0.0546875 0.26640625
0 0.783203125 0.50234375 0.060546875 0.29609375
0 0.88359375 0.4625 0.035546875 0.1734375
0 0.88984375 0.4671875 0.043359375 0.21484375
0 0.84609375 0.465625 0.04609375 0.2234375
0 0.358203125 0.3453125 0.019140625 0.0328125
0 0.53671875 0.3390625 0.00234375 0.0140625
0 0.547265625 0.3484375 0.016015625 0.0421875