0 0.344921875 0.46484375 0.01328125 0.06640625
0 0.33046875 0.46171875 0.01484375 0.0734375
0 0.2671875 0.46171875 0.01171875 0.05859375
0 0.29765625 0.4625 0.0171875 0.08671875
0 0.30625 0.465625 0.015625 0.078125
0 0.232421875 0.446875 0.033203125 0.165625
0 0.085546875 0.503125 0.04765625 0.234375
0 0.13125 0.49296875 0.05234375 0.25625
0 0.28203125 0.45234375 0.02734375 0.13359375
0 0.24921875 0.46015625 0.03671875 0.1796875
0 0.44296875 0.44453125 0.009375 0.04765625
0 0.51875 0.446875 0.01171875 0.0578125
0 0.496875 0.446875 0.0234375 0.11328125
0 0.5421875 0.44375 0.01171875 0.0578125
0 0.529296875 0.45 0.01171875 0.0578125
0 0.750390625 0.4390625 0.019140625 0.0953125
0 0.736328125 0.44375 0.02265625 0.1109375
0 0.983203125 0.475 0.031640625 0.3109375