0 0.476171875 0.41796875 0.00234375 0.0140625
0 0.40078125 0.43515625 0.01015625 0.05
0 0.391015625 0.4328125 0.0109375 0.0546875
0 0.3765625 0.4359375 0.011328125 0.0578125
0 0.38046875 0.43671875 0.01171875 0.05859375
0 0.41875 0.43046875 0.0109375 0.05546875
0 0.412109375 0.42890625 0.01171875 0.05859375
0 0.4640625 0.428125 0.01328125 0.0640625
0 0.4625 0.4328125 0.0109375 0.0546875
0 0.459375 0.43125 0.01171875 0.0578125
0 0.512109375 0.42890625 0.01171875 0.05859375
0 0.506640625 0.42890625 0.012109375 0.059375
0 0.499609375 0.43125 0.01171875 0.05859375
0 0.490625 0.4328125 0.0109375 0.05546875
0 0.526171875 0.4296875 0.011328125 0.05625
0 0.530859375 0.42890625 0.012109375 0.059375
0 0.5390625 0.4265625 0.013671875 0.06640625
0 0.59921875 0.42890625 0.013671875 0.06640625
0 0.608984375 0.43125 0.01171875 0.059375