0 0.1078125 0.42734375 0.01640625 0.08515625
0 0.126953125 0.42734375 0.01953125 0.096875
0 0.1140625 0.43046875 0.017578125 0.08671875
0 0.145703125 0.42890625 0.01796875 0.0875
0 0.163671875 0.4234375 0.019140625 0.0953125
0 0.011328125 0.44609375 0.02265625 0.140625
0 0.050390625 0.4390625 0.034375 0.1671875
0 0.090234375 0.4328125 0.03515625 0.171875
0 0.07890625 0.4265625 0.0390625 0.19140625
0 0.0609375 0.421875 0.04140625 0.2046875
0 0.24765625 0.43203125 0.02109375 0.10234375
0 0.425 0.4453125 0.021875 0.1078125
0 0.432421875 0.44921875 0.02109375 0.10546875
0 0.952734375 0.4828125 0.0140625 0.071875
0 0.973828125 0.4796875 0.0140625 0.07109375
0 0.931640625 0.4875 0.017578125 0.08984375
0 0.906640625 0.4734375 0.023828125 0.1171875
0 0.322265625 0.446875 0.01875 0.09296875
0 0.33515625 0.43984375 0.02109375 0.1046875
0 0.35390625 0.44453125 0.023828125 0.11796875
0 0.509765625 0.44609375 0.01875 0.0921875
0 0.51328125 0.4390625 0.021875 0.10859375