0 0.24765625 0.4578125 0.011328125 0.05546875
0 0.253125 0.4578125 0.011328125 0.05546875
0 0.229296875 0.4609375 0.012109375 0.0609375
0 0.9265625 0.43984375 0.02734375 0.1359375
0 0.959375 0.4359375 0.0265625 0.1296875
0 0.984375 0.43671875 0.0265625 0.13125
0 0.34921875 0.4578125 0.00625 0.034375
0 0.358984375 0.4578125 0.00625 0.03203125
0 0.59140625 0.4359375 0.00703125 0.03515625
0 0.598046875 0.4328125 0.008203125 0.04375
0 0.7 0.44375 0.01875 0.090625
0 0.637109375 0.4390625 0.011328125 0.05625
0 0.646875 0.43828125 0.009765625 0.05
0 0.66875 0.4359375 0.012109375 0.0609375
0 0.677734375 0.43359375 0.01484375 0.071875
0 0.68046875 0.446875 0.019140625 0.09375
0 0.38125 0.45625 0.005859375 0.028125
0 0.32890625 0.45234375 0.00859375 0.04609375