0 0.43515625 0.4328125 0.01171875 0.05859375
0 0.503515625 0.425 0.016015625 0.08125
0 0.4984375 0.43046875 0.01484375 0.0734375
0 0.541796875 0.43125 0.015234375 0.075
0 0.581640625 0.43046875 0.0140625 0.07109375
0 0.5953125 0.42109375 0.015234375 0.075
0 0.59765625 0.42734375 0.01484375 0.0734375
0 0.6765625 0.43515625 0.030859375 0.153125
0 0.62734375 0.44609375 0.038671875 0.1890625
0 0.618359375 0.45 0.039453125 0.19453125
0 0.81015625 0.39296875 0.028125 0.13984375
0 0.820703125 0.40703125 0.029296875 0.14375
0 0.962890625 0.41015625 0.0421875 0.2046875