0 0.56953125 0.4359375 0.005859375 0.03046875
0 0.57265625 0.4328125 0.005859375 0.0296875
0 0.57578125 0.4328125 0.005859375 0.03125
0 0.59921875 0.434375 0.005859375 0.03046875
0 0.5921875 0.43359375 0.00546875 0.02734375
0 0.586328125 0.4328125 0.005859375 0.03046875
0 0.6890625 0.4375 0.0109375 0.0546875
0 0.824609375 0.42265625 0.0296875 0.1453125
0 0.5171875 0.43125 0.003125 0.015625
0 0.454296875 0.43828125 0.003515625 0.01875
0 0.450390625 0.434375 0.00625 0.03125
0 0.428125 0.43671875 0.00625 0.03203125
0 0.4203125 0.440625 0.005859375 0.03125
0 0.407421875 0.440625 0.00546875 0.0265625
0 0.39765625 0.43671875 0.00625 0.03203125
0 0.391796875 0.43984375 0.00625 0.03203125
0 0.94609375 0.44375 0.05078125 0.2484375
0 0.621484375 0.440625 0.015234375 0.075