0 0.93828125 0.43125 0.0265625 0.13203125
0 0.93203125 0.4234375 0.028125 0.13984375
0 0.957421875 0.4296875 0.023828125 0.11875
0 0.971875 0.428125 0.035546875 0.1734375
0 0.6578125 0.40546875 0.009765625 0.0484375
0 0.6546875 0.40546875 0.01015625 0.05078125
0 0.668359375 0.40703125 0.01015625 0.05
0 0.675 0.40859375 0.009765625 0.05
0 0.671484375 0.40546875 0.0109375 0.053125
0 0.7046875 0.3890625 0.0046875 0.025
0 0.700390625 0.39453125 0.00546875 0.02734375
0 0.68828125 0.40390625 0.008203125 0.0421875
0 0.691015625 0.4015625 0.009765625 0.0484375
0 0.633203125 0.40234375 0.00859375 0.0453125
0 0.85703125 0.51484375 0.083984375 0.4125