0 0.575 0.35234375 0.00859375 0.04375
0 0.580078125 0.353125 0.0078125 0.040625
0 0.5671875 0.4140625 0.01171875 0.05859375
0 0.578515625 0.42734375 0.015234375 0.075
0 0.613671875 0.40234375 0.01015625 0.053125
0 0.608984375 0.43203125 0.02265625 0.1125
0 0.61875 0.43046875 0.02578125 0.128125
0 0.85390625 0.45859375 0.05390625 0.26484375
0 0.35 0.421875 0.0078125 0.0390625
0 0.176171875 0.4515625 0.021484375 0.10625
0 0.1390625 0.45078125 0.021484375 0.10625
0 0.169140625 0.4578125 0.019140625 0.09453125
0 0.150390625 0.45234375 0.0234375 0.115625
0 0.09296875 0.4390625 0.01875 0.09375
0 0.109765625 0.4328125 0.021875 0.109375
0 0.098828125 0.43671875 0.019921875 0.0984375
0 0.112890625 0.44296875 0.01796875 0.0890625
0 0.108203125 0.44375 0.02109375 0.103125