0 0.561328125 0.440625 0.008203125 0.0421875
0 0.5765625 0.44375 0.01328125 0.0640625
0 0.5671875 0.46328125 0.00546875 0.028125
0 0.551171875 0.44375 0.005859375 0.0296875
0 0.478125 0.44453125 0.00546875 0.0296875
0 0.41171875 0.44375 0.00546875 0.02734375
0 0.43125 0.4515625 0.01953125 0.096875
0 0.3875 0.44921875 0.009765625 0.0484375
0 0.7 0.453125 0.01875 0.0921875
0 0.30234375 0.46328125 0.0171875 0.08515625
0 0.289453125 0.4609375 0.019140625 0.09375
0 0.276953125 0.46328125 0.0171875 0.0828125