0 0.606640625 0.4328125 0.011328125 0.0578125
0 0.686328125 0.53828125 0.093359375 0.45703125
0 0.176171875 0.4578125 0.015234375 0.07734375
0 0.1421875 0.4625 0.0125 0.0640625
0 0.12109375 0.471875 0.01171875 0.05859375
0 0.10703125 0.465625 0.01484375 0.0734375
0 0.423046875 0.44296875 0.02109375 0.1046875
0 0.418359375 0.44375 0.023046875 0.11328125
0 0.41015625 0.4390625 0.0265625 0.1296875
0 0.403515625 0.45234375 0.025 0.121875
0 0.38671875 0.4515625 0.02421875 0.1203125
0 0.378125 0.51015625 0.072265625 0.3546875
0 0.216015625 0.45234375 0.01015625 0.0515625
0 0.229296875 0.45859375 0.012109375 0.06171875
0 0.51640625 0.4390625 0.01171875 0.05625
0 0.56640625 0.4390625 0.013671875 0.06953125
0 0.266796875 0.45234375 0.01015625 0.05078125
0 0.257421875 0.45625 0.0125 0.06328125