0 0.468359375 0.4265625 0.00625 0.03203125
0 0.4640625 0.4203125 0.008203125 0.040625
0 0.456640625 0.42109375 0.0078125 0.0390625
0 0.44609375 0.4234375 0.007421875 0.0359375
0 0.43671875 0.4265625 0.00859375 0.0453125
0 0.48984375 0.44375 0.02890625 0.14140625
0 0.5671875 0.4234375 0.00546875 0.02734375
0 0.572265625 0.425 0.0046875 0.0265625
0 0.58203125 0.4234375 0.0046875 0.02421875
0 0.5875 0.425 0.005859375 0.03046875
0 0.6015625 0.42578125 0.005859375 0.03125
0 0.605078125 0.4265625 0.00703125 0.034375
0 0.594140625 0.42890625 0.00859375 0.04375
0 0.618359375 0.428125 0.009375 0.04609375
0 0.619140625 0.4328125 0.009765625 0.0484375
0 0.61171875 0.43125 0.009765625 0.05078125
0 0.628515625 0.42890625 0.0125 0.065625
0 0.64609375 0.434375 0.013671875 0.06875
0 0.66328125 0.42578125 0.0125 0.0640625
0 0.678515625 0.425 0.011328125 0.05625
0 0.655859375 0.4328125 0.015234375 0.07421875
0 0.670703125 0.43046875 0.012109375 0.0609375
0 0.683203125 0.428125 0.015625 0.07890625
0 0.673828125 0.4390625 0.01875 0.090625
0 0.7015625 0.43046875 0.01875 0.09296875
0 0.72109375 0.43359375 0.01484375 0.071875
0 0.725 0.4265625 0.02265625 0.1109375
0 0.74453125 0.42421875 0.0203125 0.10234375
0 0.75234375 0.43203125 0.019921875 0.10078125
0 0.887109375 0.4328125 0.03671875 0.17890625
0 0.976953125 0.4375 0.04453125 0.21875
0 0.9359375 0.440625 0.04296875 0.2109375
0 0.379296875 0.42578125 0.0109375 0.0546875
0 0.41484375 0.42734375 0.00703125 0.034375
0 0.31953125 0.43046875 0.0140625 0.0703125
0 0.305859375 0.425 0.0140625 0.0703125
0 0.293359375 0.42265625 0.013671875 0.06953125
0 0.2453125 0.42734375 0.01484375 0.07109375
0 0.2265625 0.4265625 0.01484375 0.071875
0 0.187890625 0.4203125 0.019140625 0.09296875
0 0.12890625 0.43671875 0.021484375 0.10546875
0 0.044921875 0.43203125 0.02421875 0.1203125
0 0.011328125 0.43046875 0.02265625 0.1203125
0 0.34453125 0.45 0.03125 0.153125
0 0.51484375 0.45625 0.0328125 0.16015625
0 0.257421875 0.41484375 0.013671875 0.0515625
0 0.283984375 0.440625 0.0296875 0.10859375
0 0.287890625 0.5046875 0.008203125 0.0046875