0 0.09453125 0.475 0.023046875 0.115625
0 0.1265625 0.478125 0.023828125 0.1171875
0 0.203515625 0.4703125 0.0234375 0.115625
0 0.18359375 0.47578125 0.02265625 0.1125
0 0.16640625 0.47890625 0.021875 0.10859375
0 0.15 0.4734375 0.02421875 0.1203125
0 0.71328125 0.4390625 0.017578125 0.08671875
0 0.7390625 0.48125 0.0546875 0.2671875
0 0.729296875 0.47265625 0.062109375 0.3046875
0 0.98515625 0.44765625 0.027734375 0.22734375
0 0.965234375 0.42109375 0.01875 0.09453125
0 0.80703125 0.42890625 0.017578125 0.08984375
0 0.5921875 0.4390625 0.0453125 0.225
0 0.350390625 0.45625 0.04453125 0.21796875
0 0.784765625 0.4390625 0.035546875 0.0953125
0 0.80703125 0.4796875 0.016015625 0.01875